;TAZID,CO_TAZID,TOTHH,HHPOP,HHSIZE,TOTEMP,RETEMP,INDEMP,OTHEMP,ALLEMP,RETL,FOOD,MANU,WSLE,OFFI,GVED,HLTH,OTHR,FM_AGRI,FM_MING,FM_CONS,HBJ,AVGINCOME,Enrol_Elem,Enrol_Midl,Enrol_High,CO_FIPS,CO_NAME
1,30001,0.0,0.0,0.0,0.0,0.0,0.0,0.0,0.0,0.0,0.0,0.0,0.0,0.0,0.0,0.0,0.0,0.0,0.0,0.0,0.0,46112,0,0,0,3,BOX ELDER
2,30002,0.0,0.0,0.0,0.0,0.0,0.0,0.0,0.0,0.0,0.0,0.0,0.0,0.0,0.0,0.0,0.0,0.0,0.0,0.0,0.0,46112,0,0,0,3,BOX ELDER
3,30003,0.0,0.0,0.0,0.0,0.0,0.0,0.0,0.0,0.0,0.0,0.0,0.0,0.0,0.0,0.0,0.0,0.0,0.0,0.0,0.0,46112,0,0,0,3,BOX ELDER
4,30004,0.0,0.0,0.0,0.0,0.0,0.0,0.0,0.0,0.0,0.0,0.0,0.0,0.0,0.0,0.0,0.0,0.0,0.0,0.0,0.0,46112,0,0,0,3,BOX ELDER
5,30005,0.0,0.0,0.0,0.0,0.0,0.0,0.0,0.0,0.0,0.0,0.0,0.0,0.0,0.0,0.0,0.0,0.0,0.0,0.0,0.0,46112,0,0,0,3,BOX ELDER
6,30006,0.0,0.0,0.0,0.0,0.0,0.0,0.0,0.0,0.0,0.0,0.0,0.0,0.0,0.0,0.0,0.0,0.0,0.0,0.0,0.0,46112,0,0,0,3,BOX ELDER
7,30007,0.0,0.0,0.0,0.0,0.0,0.0,0.0,0.0,0.0,0.0,0.0,0.0,0.0,0.0,0.0,0.0,0.0,0.0,0.0,0.0,55022,0,0,0,3,BOX ELDER
8,30008,0.0,0.0,0.0,0.0,0.0,0.0,0.0,0.0,0.0,0.0,0.0,0.0,0.0,0.0,0.0,0.0,0.0,0.0,0.0,0.0,55022,0,0,0,3,BOX ELDER
9,30009,0.0,0.0,0.0,0.0,0.0,0.0,0.0,0.0,0.0,0.0,0.0,0.0,0.0,0.0,0.0,0.0,0.0,0.0,0.0,0.0,55022,0,0,0,3,BOX ELDER
10,30010,0.0,0.0,0.0,0.0,0.0,0.0,0.0,0.0,0.0,0.0,0.0,0.0,0.0,0.0,0.0,0.0,0.0,0.0,0.0,0.0,57798,0,0,0,3,BOX ELDER
11,30011,0.0,0.0,0.0,0.0,0.0,0.0,0.0,0.0,0.0,0.0,0.0,0.0,0.0,0.0,0.0,0.0,0.0,0.0,0.0,0.0,57798,0,0,0,3,BOX ELDER
12,30012,0.0,0.0,0.0,0.0,0.0,0.0,0.0,0.0,0.0,0.0,0.0,0.0,0.0,0.0,0.0,0.0,0.0,0.0,0.0,0.0,57798,0,0,0,3,BOX ELDER
13,30013,0.0,0.0,0.0,0.0,0.0,0.0,0.0,0.0,0.0,0.0,0.0,0.0,0.0,0.0,0.0,0.0,0.0,0.0,0.0,0.0,57798,0,0,0,3,BOX ELDER
14,30014,0.0,0.0,0.0,0.0,0.0,0.0,0.0,0.0,0.0,0.0,0.0,0.0,0.0,0.0,0.0,0.0,0.0,0.0,0.0,0.0,54617,0,0,0,3,BOX ELDER
15,30015,0.0,0.0,0.0,0.0,0.0,0.0,0.0,0.0,0.0,0.0,0.0,0.0,0.0,0.0,0.0,0.0,0.0,0.0,0.0,0.0,58870,0,0,0,3,BOX ELDER
16,30016,0.0,0.0,0.0,0.0,0.0,0.0,0.0,0.0,0.0,0.0,0.0,0.0,0.0,0.0,0.0,0.0,0.0,0.0,0.0,0.0,58870,0,0,0,3,BOX ELDER
17,30017,0.0,0.0,0.0,0.0,0.0,0.0,0.0,0.0,0.0,0.0,0.0,0.0,0.0,0.0,0.0,0.0,0.0,0.0,0.0,0.0,58870,0,0,0,3,BOX ELDER
18,30018,0.0,0.0,0.0,0.0,0.0,0.0,0.0,0.0,0.0,0.0,0.0,0.0,0.0,0.0,0.0,0.0,0.0,0.0,0.0,0.0,58870,0,0,0,3,BOX ELDER
19,30019,0.0,0.0,0.0,0.0,0.0,0.0,0.0,0.0,0.0,0.0,0.0,0.0,0.0,0.0,0.0,0.0,0.0,0.0,0.0,0.0,58870,0,0,0,3,BOX ELDER
20,30020,0.0,0.0,0.0,0.0,0.0,0.0,0.0,0.0,0.0,0.0,0.0,0.0,0.0,0.0,0.0,0.0,0.0,0.0,0.0,0.0,58870,0,0,0,3,BOX ELDER
21,30021,0.0,0.0,0.0,0.0,0.0,0.0,0.0,0.0,0.0,0.0,0.0,0.0,0.0,0.0,0.0,0.0,0.0,0.0,0.0,0.0,58870,0,0,0,3,BOX ELDER
22,30022,0.0,0.0,0.0,0.0,0.0,0.0,0.0,0.0,0.0,0.0,0.0,0.0,0.0,0.0,0.0,0.0,0.0,0.0,0.0,0.0,58870,0,0,0,3,BOX ELDER
23,30023,0.0,0.0,0.0,0.0,0.0,0.0,0.0,0.0,0.0,0.0,0.0,0.0,0.0,0.0,0.0,0.0,0.0,0.0,0.0,0.0,53211,0,0,0,3,BOX ELDER
24,30024,0.0,0.0,0.0,0.0,0.0,0.0,0.0,0.0,0.0,0.0,0.0,0.0,0.0,0.0,0.0,0.0,0.0,0.0,0.0,0.0,53211,0,0,0,3,BOX ELDER
25,30025,0.0,0.0,0.0,0.0,0.0,0.0,0.0,0.0,0.0,0.0,0.0,0.0,0.0,0.0,0.0,0.0,0.0,0.0,0.0,0.0,58870,0,0,0,3,BOX ELDER
26,30026,0.0,0.0,0.0,0.0,0.0,0.0,0.0,0.0,0.0,0.0,0.0,0.0,0.0,0.0,0.0,0.0,0.0,0.0,0.0,0.0,58870,0,0,0,3,BOX ELDER
27,30027,0.0,0.0,0.0,0.0,0.0,0.0,0.0,0.0,0.0,0.0,0.0,0.0,0.0,0.0,0.0,0.0,0.0,0.0,0.0,0.0,58870,0,0,0,3,BOX ELDER
28,30028,0.0,0.0,0.0,0.0,0.0,0.0,0.0,0.0,0.0,0.0,0.0,0.0,0.0,0.0,0.0,0.0,0.0,0.0,0.0,0.0,58870,0,0,0,3,BOX ELDER
29,30029,0.0,0.0,0.0,0.0,0.0,0.0,0.0,0.0,0.0,0.0,0.0,0.0,0.0,0.0,0.0,0.0,0.0,0.0,0.0,0.0,57798,0,0,0,3,BOX ELDER
30,30030,0.0,0.0,0.0,0.0,0.0,0.0,0.0,0.0,0.0,0.0,0.0,0.0,0.0,0.0,0.0,0.0,0.0,0.0,0.0,0.0,57798,0,0,0,3,BOX ELDER
31,30031,0.0,0.0,0.0,0.0,0.0,0.0,0.0,0.0,0.0,0.0,0.0,0.0,0.0,0.0,0.0,0.0,0.0,0.0,0.0,0.0,58870,0,0,0,3,BOX ELDER
32,30032,0.0,0.0,0.0,0.0,0.0,0.0,0.0,0.0,0.0,0.0,0.0,0.0,0.0,0.0,0.0,0.0,0.0,0.0,0.0,0.0,58870,0,0,0,3,BOX ELDER
33,30033,0.0,0.0,0.0,0.0,0.0,0.0,0.0,0.0,0.0,0.0,0.0,0.0,0.0,0.0,0.0,0.0,0.0,0.0,0.0,0.0,57798,0,0,0,3,BOX ELDER
34,30034,0.0,0.0,0.0,0.0,0.0,0.0,0.0,0.0,0.0,0.0,0.0,0.0,0.0,0.0,0.0,0.0,0.0,0.0,0.0,0.0,47905,463,0,0,3,BOX ELDER
35,30035,0.0,0.0,0.0,0.0,0.0,0.0,0.0,0.0,0.0,0.0,0.0,0.0,0.0,0.0,0.0,0.0,0.0,0.0,0.0,0.0,58870,0,0,0,3,BOX ELDER
36,30036,0.0,0.0,0.0,0.0,0.0,0.0,0.0,0.0,0.0,0.0,0.0,0.0,0.0,0.0,0.0,0.0,0.0,0.0,0.0,0.0,32172,0,0,0,3,BOX ELDER
37,30037,0.0,0.0,0.0,0.0,0.0,0.0,0.0,0.0,0.0,0.0,0.0,0.0,0.0,0.0,0.0,0.0,0.0,0.0,0.0,0.0,57626,0,0,0,3,BOX ELDER
38,30038,0.0,0.0,0.0,0.0,0.0,0.0,0.0,0.0,0.0,0.0,0.0,0.0,0.0,0.0,0.0,0.0,0.0,0.0,0.0,0.0,40255,0,0,0,3,BOX ELDER
39,30039,0.0,0.0,0.0,0.0,0.0,0.0,0.0,0.0,0.0,0.0,0.0,0.0,0.0,0.0,0.0,0.0,0.0,0.0,0.0,0.0,68477,0,0,0,3,BOX ELDER
40,30040,0.0,0.0,0.0,0.0,0.0,0.0,0.0,0.0,0.0,0.0,0.0,0.0,0.0,0.0,0.0,0.0,0.0,0.0,0.0,0.0,40901,499,0,0,3,BOX ELDER
41,30041,0.0,0.0,0.0,0.0,0.0,0.0,0.0,0.0,0.0,0.0,0.0,0.0,0.0,0.0,0.0,0.0,0.0,0.0,0.0,0.0,42920,0,0,0,3,BOX ELDER
42,30042,0.0,0.0,0.0,0.0,0.0,0.0,0.0,0.0,0.0,0.0,0.0,0.0,0.0,0.0,0.0,0.0,0.0,0.0,0.0,0.0,33991,0,0,0,3,BOX ELDER
43,30043,0.0,0.0,0.0,0.0,0.0,0.0,0.0,0.0,0.0,0.0,0.0,0.0,0.0,0.0,0.0,0.0,0.0,0.0,0.0,0.0,33659,0,0,0,3,BOX ELDER
44,30044,0.0,0.0,0.0,0.0,0.0,0.0,0.0,0.0,0.0,0.0,0.0,0.0,0.0,0.0,0.0,0.0,0.0,0.0,0.0,0.0,30165,0,0,0,3,BOX ELDER
45,30045,0.0,0.0,0.0,0.0,0.0,0.0,0.0,0.0,0.0,0.0,0.0,0.0,0.0,0.0,0.0,0.0,0.0,0.0,0.0,0.0,30165,0,0,0,3,BOX ELDER
46,30046,0.0,0.0,0.0,0.0,0.0,0.0,0.0,0.0,0.0,0.0,0.0,0.0,0.0,0.0,0.0,0.0,0.0,0.0,0.0,0.0,43652,0,0,0,3,BOX ELDER
47,30047,0.0,0.0,0.0,0.0,0.0,0.0,0.0,0.0,0.0,0.0,0.0,0.0,0.0,0.0,0.0,0.0,0.0,0.0,0.0,0.0,43652,0,979,0,3,BOX ELDER
48,30048,0.0,0.0,0.0,0.0,0.0,0.0,0.0,0.0,0.0,0.0,0.0,0.0,0.0,0.0,0.0,0.0,0.0,0.0,0.0,0.0,68477,0,0,0,3,BOX ELDER
49,30049,0.0,0.0,0.0,0.0,0.0,0.0,0.0,0.0,0.0,0.0,0.0,0.0,0.0,0.0,0.0,0.0,0.0,0.0,0.0,0.0,36440,0,0,0,3,BOX ELDER
50,30050,0.0,0.0,0.0,0.0,0.0,0.0,0.0,0.0,0.0,0.0,0.0,0.0,0.0,0.0,0.0,0.0,0.0,0.0,0.0,0.0,68477,0,0,0,3,BOX ELDER
51,30051,0.0,0.0,0.0,0.0,0.0,0.0,0.0,0.0,0.0,0.0,0.0,0.0,0.0,0.0,0.0,0.0,0.0,0.0,0.0,0.0,68477,0,0,0,3,BOX ELDER
52,30052,0.0,0.0,0.0,0.0,0.0,0.0,0.0,0.0,0.0,0.0,0.0,0.0,0.0,0.0,0.0,0.0,0.0,0.0,0.0,0.0,36440,0,0,0,3,BOX ELDER
53,30053,0.0,0.0,0.0,0.0,0.0,0.0,0.0,0.0,0.0,0.0,0.0,0.0,0.0,0.0,0.0,0.0,0.0,0.0,0.0,0.0,60482,0,0,0,3,BOX ELDER
54,30054,0.0,0.0,0.0,0.0,0.0,0.0,0.0,0.0,0.0,0.0,0.0,0.0,0.0,0.0,0.0,0.0,0.0,0.0,0.0,0.0,59889,0,0,0,3,BOX ELDER
55,30055,0.0,0.0,0.0,0.0,0.0,0.0,0.0,0.0,0.0,0.0,0.0,0.0,0.0,0.0,0.0,0.0,0.0,0.0,0.0,0.0,59889,0,0,0,3,BOX ELDER
56,30056,0.0,0.0,0.0,0.0,0.0,0.0,0.0,0.0,0.0,0.0,0.0,0.0,0.0,0.0,0.0,0.0,0.0,0.0,0.0,0.0,59889,0,0,0,3,BOX ELDER
57,30057,0.0,0.0,0.0,0.0,0.0,0.0,0.0,0.0,0.0,0.0,0.0,0.0,0.0,0.0,0.0,0.0,0.0,0.0,0.0,0.0,58870,0,0,0,3,BOX ELDER
58,30058,0.0,0.0,0.0,0.0,0.0,0.0,0.0,0.0,0.0,0.0,0.0,0.0,0.0,0.0,0.0,0.0,0.0,0.0,0.0,0.0,58870,0,14,20,3,BOX ELDER
59,30059,0.0,0.0,0.0,0.0,0.0,0.0,0.0,0.0,0.0,0.0,0.0,0.0,0.0,0.0,0.0,0.0,0.0,0.0,0.0,0.0,58870,0,0,0,3,BOX ELDER
60,30060,0.0,0.0,0.0,0.0,0.0,0.0,0.0,0.0,0.0,0.0,0.0,0.0,0.0,0.0,0.0,0.0,0.0,0.0,0.0,0.0,58870,0,0,0,3,BOX ELDER
61,30061,0.0,0.0,0.0,0.0,0.0,0.0,0.0,0.0,0.0,0.0,0.0,0.0,0.0,0.0,0.0,0.0,0.0,0.0,0.0,0.0,58870,0,0,0,3,BOX ELDER
62,30062,0.0,0.0,0.0,0.0,0.0,0.0,0.0,0.0,0.0,0.0,0.0,0.0,0.0,0.0,0.0,0.0,0.0,0.0,0.0,0.0,44190,0,0,0,3,BOX ELDER
63,30063,0.0,0.0,0.0,0.0,0.0,0.0,0.0,0.0,0.0,0.0,0.0,0.0,0.0,0.0,0.0,0.0,0.0,0.0,0.0,0.0,53099,0,0,0,3,BOX ELDER
64,30064,0.0,0.0,0.0,0.0,0.0,0.0,0.0,0.0,0.0,0.0,0.0,0.0,0.0,0.0,0.0,0.0,0.0,0.0,0.0,0.0,53099,31,46,46,3,BOX ELDER
65,30065,0.0,0.0,0.0,0.0,0.0,0.0,0.0,0.0,0.0,0.0,0.0,0.0,0.0,0.0,0.0,0.0,0.0,0.0,0.0,0.0,44190,0,0,1439,3,BOX ELDER
66,30066,0.0,0.0,0.0,0.0,0.0,0.0,0.0,0.0,0.0,0.0,0.0,0.0,0.0,0.0,0.0,0.0,0.0,0.0,0.0,0.0,44190,0,0,0,3,BOX ELDER
67,30067,0.0,0.0,0.0,0.0,0.0,0.0,0.0,0.0,0.0,0.0,0.0,0.0,0.0,0.0,0.0,0.0,0.0,0.0,0.0,0.0,39229,0,0,0,3,BOX ELDER
68,30068,0.0,0.0,0.0,0.0,0.0,0.0,0.0,0.0,0.0,0.0,0.0,0.0,0.0,0.0,0.0,0.0,0.0,0.0,0.0,0.0,40753,0,0,0,3,BOX ELDER
69,30069,0.0,0.0,0.0,0.0,0.0,0.0,0.0,0.0,0.0,0.0,0.0,0.0,0.0,0.0,0.0,0.0,0.0,0.0,0.0,0.0,39229,0,0,0,3,BOX ELDER
70,30070,0.0,0.0,0.0,0.0,0.0,0.0,0.0,0.0,0.0,0.0,0.0,0.0,0.0,0.0,0.0,0.0,0.0,0.0,0.0,0.0,39229,0,966,37,3,BOX ELDER
71,30071,0.0,0.0,0.0,0.0,0.0,0.0,0.0,0.0,0.0,0.0,0.0,0.0,0.0,0.0,0.0,0.0,0.0,0.0,0.0,0.0,43542,588,0,0,3,BOX ELDER
72,30072,0.0,0.0,0.0,0.0,0.0,0.0,0.0,0.0,0.0,0.0,0.0,0.0,0.0,0.0,0.0,0.0,0.0,0.0,0.0,0.0,41635,0,0,0,3,BOX ELDER
73,30073,0.0,0.0,0.0,0.0,0.0,0.0,0.0,0.0,0.0,0.0,0.0,0.0,0.0,0.0,0.0,0.0,0.0,0.0,0.0,0.0,41635,0,0,0,3,BOX ELDER
74,30074,0.0,0.0,0.0,0.0,0.0,0.0,0.0,0.0,0.0,0.0,0.0,0.0,0.0,0.0,0.0,0.0,0.0,0.0,0.0,0.0,38344,0,0,0,3,BOX ELDER
75,30075,0.0,0.0,0.0,0.0,0.0,0.0,0.0,0.0,0.0,0.0,0.0,0.0,0.0,0.0,0.0,0.0,0.0,0.0,0.0,0.0,36294,0,0,0,3,BOX ELDER
76,30076,0.0,0.0,0.0,0.0,0.0,0.0,0.0,0.0,0.0,0.0,0.0,0.0,0.0,0.0,0.0,0.0,0.0,0.0,0.0,0.0,37447,0,0,0,3,BOX ELDER
77,30077,0.0,0.0,0.0,0.0,0.0,0.0,0.0,0.0,0.0,0.0,0.0,0.0,0.0,0.0,0.0,0.0,0.0,0.0,0.0,0.0,31244,0,0,0,3,BOX ELDER
78,30078,0.0,0.0,0.0,0.0,0.0,0.0,0.0,0.0,0.0,0.0,0.0,0.0,0.0,0.0,0.0,0.0,0.0,0.0,0.0,0.0,31101,0,0,0,3,BOX ELDER
79,30079,0.0,0.0,0.0,0.0,0.0,0.0,0.0,0.0,0.0,0.0,0.0,0.0,0.0,0.0,0.0,0.0,0.0,0.0,0.0,0.0,31101,405,0,0,3,BOX ELDER
80,30080,0.0,0.0,0.0,0.0,0.0,0.0,0.0,0.0,0.0,0.0,0.0,0.0,0.0,0.0,0.0,0.0,0.0,0.0,0.0,0.0,77906,0,0,0,3,BOX ELDER
81,30081,0.0,0.0,0.0,0.0,0.0,0.0,0.0,0.0,0.0,0.0,0.0,0.0,0.0,0.0,0.0,0.0,0.0,0.0,0.0,0.0,77906,0,0,0,3,BOX ELDER
82,30082,0.0,0.0,0.0,0.0,0.0,0.0,0.0,0.0,0.0,0.0,0.0,0.0,0.0,0.0,0.0,0.0,0.0,0.0,0.0,0.0,77906,0,0,0,3,BOX ELDER
83,30083,0.0,0.0,0.0,0.0,0.0,0.0,0.0,0.0,0.0,0.0,0.0,0.0,0.0,0.0,0.0,0.0,0.0,0.0,0.0,0.0,77906,0,0,0,3,BOX ELDER
84,30084,0.0,0.0,0.0,0.0,0.0,0.0,0.0,0.0,0.0,0.0,0.0,0.0,0.0,0.0,0.0,0.0,0.0,0.0,0.0,0.0,77906,0,0,0,3,BOX ELDER
85,30085,0.0,0.0,0.0,0.0,0.0,0.0,0.0,0.0,0.0,0.0,0.0,0.0,0.0,0.0,0.0,0.0,0.0,0.0,0.0,0.0,77906,0,0,0,3,BOX ELDER
86,30086,0.0,0.0,0.0,0.0,0.0,0.0,0.0,0.0,0.0,0.0,0.0,0.0,0.0,0.0,0.0,0.0,0.0,0.0,0.0,0.0,60413,0,0,0,3,BOX ELDER
87,30087,0.0,0.0,0.0,0.0,0.0,0.0,0.0,0.0,0.0,0.0,0.0,0.0,0.0,0.0,0.0,0.0,0.0,0.0,0.0,0.0,60413,0,0,0,3,BOX ELDER
88,30088,0.0,0.0,0.0,0.0,0.0,0.0,0.0,0.0,0.0,0.0,0.0,0.0,0.0,0.0,0.0,0.0,0.0,0.0,0.0,0.0,60413,886,103,0,3,BOX ELDER
89,30089,0.0,0.0,0.0,0.0,0.0,0.0,0.0,0.0,0.0,0.0,0.0,0.0,0.0,0.0,0.0,0.0,0.0,0.0,0.0,0.0,77906,0,0,0,3,BOX ELDER
90,30090,0.0,0.0,0.0,0.0,0.0,0.0,0.0,0.0,0.0,0.0,0.0,0.0,0.0,0.0,0.0,0.0,0.0,0.0,0.0,0.0,77906,0,0,0,3,BOX ELDER
91,30091,0.0,0.0,0.0,0.0,0.0,0.0,0.0,0.0,0.0,0.0,0.0,0.0,0.0,0.0,0.0,0.0,0.0,0.0,0.0,0.0,77906,0,0,0,3,BOX ELDER
92,30092,0.0,0.0,0.0,0.0,0.0,0.0,0.0,0.0,0.0,0.0,0.0,0.0,0.0,0.0,0.0,0.0,0.0,0.0,0.0,0.0,77906,0,0,0,3,BOX ELDER
93,30093,0.0,0.0,0.0,0.0,0.0,0.0,0.0,0.0,0.0,0.0,0.0,0.0,0.0,0.0,0.0,0.0,0.0,0.0,0.0,0.0,60413,0,0,0,3,BOX ELDER
94,30094,0.0,0.0,0.0,0.0,0.0,0.0,0.0,0.0,0.0,0.0,0.0,0.0,0.0,0.0,0.0,0.0,0.0,0.0,0.0,0.0,69043,0,0,0,3,BOX ELDER
95,30095,0.0,0.0,0.0,0.0,0.0,0.0,0.0,0.0,0.0,0.0,0.0,0.0,0.0,0.0,0.0,0.0,0.0,0.0,0.0,0.0,69043,0,0,0,3,BOX ELDER
96,30096,0.0,0.0,0.0,0.0,0.0,0.0,0.0,0.0,0.0,0.0,0.0,0.0,0.0,0.0,0.0,0.0,0.0,0.0,0.0,0.0,69043,0,0,0,3,BOX ELDER
97,30097,0.0,0.0,0.0,0.0,0.0,0.0,0.0,0.0,0.0,0.0,0.0,0.0,0.0,0.0,0.0,0.0,0.0,0.0,0.0,0.0,69043,0,0,0,3,BOX ELDER
98,30098,0.0,0.0,0.0,0.0,0.0,0.0,0.0,0.0,0.0,0.0,0.0,0.0,0.0,0.0,0.0,0.0,0.0,0.0,0.0,0.0,69043,0,0,0,3,BOX ELDER
99,30099,0.0,0.0,0.0,0.0,0.0,0.0,0.0,0.0,0.0,0.0,0.0,0.0,0.0,0.0,0.0,0.0,0.0,0.0,0.0,0.0,69043,0,0,0,3,BOX ELDER
100,30100,0.0,0.0,0.0,0.0,0.0,0.0,0.0,0.0,0.0,0.0,0.0,0.0,0.0,0.0,0.0,0.0,0.0,0.0,0.0,0.0,53211,0,0,0,3,BOX ELDER
101,30101,0.0,0.0,0.0,0.0,0.0,0.0,0.0,0.0,0.0,0.0,0.0,0.0,0.0,0.0,0.0,0.0,0.0,0.0,0.0,0.0,75963,0,0,0,3,BOX ELDER
102,30102,0.0,0.0,0.0,0.0,0.0,0.0,0.0,0.0,0.0,0.0,0.0,0.0,0.0,0.0,0.0,0.0,0.0,0.0,0.0,0.0,53211,0,0,0,3,BOX ELDER
103,30103,0.0,0.0,0.0,0.0,0.0,0.0,0.0,0.0,0.0,0.0,0.0,0.0,0.0,0.0,0.0,0.0,0.0,0.0,0.0,0.0,53211,0,0,0,3,BOX ELDER
104,30104,0.0,0.0,0.0,0.0,0.0,0.0,0.0,0.0,0.0,0.0,0.0,0.0,0.0,0.0,0.0,0.0,0.0,0.0,0.0,0.0,53211,0,0,0,3,BOX ELDER
105,30105,0.0,0.0,0.0,0.0,0.0,0.0,0.0,0.0,0.0,0.0,0.0,0.0,0.0,0.0,0.0,0.0,0.0,0.0,0.0,0.0,53211,0,0,0,3,BOX ELDER
106,30106,0.0,0.0,0.0,0.0,0.0,0.0,0.0,0.0,0.0,0.0,0.0,0.0,0.0,0.0,0.0,0.0,0.0,0.0,0.0,0.0,53211,0,0,0,3,BOX ELDER
107,30107,0.0,0.0,0.0,0.0,0.0,0.0,0.0,0.0,0.0,0.0,0.0,0.0,0.0,0.0,0.0,0.0,0.0,0.0,0.0,0.0,53211,0,0,0,3,BOX ELDER
108,30108,0.0,0.0,0.0,0.0,0.0,0.0,0.0,0.0,0.0,0.0,0.0,0.0,0.0,0.0,0.0,0.0,0.0,0.0,0.0,0.0,75963,0,0,0,3,BOX ELDER
109,30109,0.0,0.0,0.0,0.0,0.0,0.0,0.0,0.0,0.0,0.0,0.0,0.0,0.0,0.0,0.0,0.0,0.0,0.0,0.0,0.0,53211,0,0,0,3,BOX ELDER
110,30110,0.0,0.0,0.0,0.0,0.0,0.0,0.0,0.0,0.0,0.0,0.0,0.0,0.0,0.0,0.0,0.0,0.0,0.0,0.0,0.0,53211,0,0,0,3,BOX ELDER
111,30111,0.0,0.0,0.0,0.0,0.0,0.0,0.0,0.0,0.0,0.0,0.0,0.0,0.0,0.0,0.0,0.0,0.0,0.0,0.0,0.0,53211,0,0,0,3,BOX ELDER
112,30112,0.0,0.0,0.0,0.0,0.0,0.0,0.0,0.0,0.0,0.0,0.0,0.0,0.0,0.0,0.0,0.0,0.0,0.0,0.0,0.0,75963,0,0,0,3,BOX ELDER
113,30113,0.0,0.0,0.0,0.0,0.0,0.0,0.0,0.0,0.0,0.0,0.0,0.0,0.0,0.0,0.0,0.0,0.0,0.0,0.0,0.0,53211,0,0,0,3,BOX ELDER
114,30114,0.0,0.0,0.0,0.0,0.0,0.0,0.0,0.0,0.0,0.0,0.0,0.0,0.0,0.0,0.0,0.0,0.0,0.0,0.0,0.0,53211,0,0,0,3,BOX ELDER
115,30115,0.0,0.0,0.0,0.0,0.0,0.0,0.0,0.0,0.0,0.0,0.0,0.0,0.0,0.0,0.0,0.0,0.0,0.0,0.0,0.0,75963,0,0,0,3,BOX ELDER
116,30116,0.0,0.0,0.0,0.0,0.0,0.0,0.0,0.0,0.0,0.0,0.0,0.0,0.0,0.0,0.0,0.0,0.0,0.0,0.0,0.0,53211,0,0,0,3,BOX ELDER
117,30117,0.0,0.0,0.0,0.0,0.0,0.0,0.0,0.0,0.0,0.0,0.0,0.0,0.0,0.0,0.0,0.0,0.0,0.0,0.0,0.0,53211,280,0,0,3,BOX ELDER
118,30118,0.0,0.0,0.0,0.0,0.0,0.0,0.0,0.0,0.0,0.0,0.0,0.0,0.0,0.0,0.0,0.0,0.0,0.0,0.0,0.0,75963,0,0,0,3,BOX ELDER
119,30119,0.0,0.0,0.0,0.0,0.0,0.0,0.0,0.0,0.0,0.0,0.0,0.0,0.0,0.0,0.0,0.0,0.0,0.0,0.0,0.0,53211,0,0,0,3,BOX ELDER
120,30120,0.0,0.0,0.0,0.0,0.0,0.0,0.0,0.0,0.0,0.0,0.0,0.0,0.0,0.0,0.0,0.0,0.0,0.0,0.0,0.0,53211,0,0,0,3,BOX ELDER
121,30121,0.0,0.0,0.0,0.0,0.0,0.0,0.0,0.0,0.0,0.0,0.0,0.0,0.0,0.0,0.0,0.0,0.0,0.0,0.0,0.0,75963,0,0,0,3,BOX ELDER
122,30122,0.0,0.0,0.0,0.0,0.0,0.0,0.0,0.0,0.0,0.0,0.0,0.0,0.0,0.0,0.0,0.0,0.0,0.0,0.0,0.0,53211,0,0,0,3,BOX ELDER
123,30123,0.0,0.0,0.0,0.0,0.0,0.0,0.0,0.0,0.0,0.0,0.0,0.0,0.0,0.0,0.0,0.0,0.0,0.0,0.0,0.0,75963,0,0,0,3,BOX ELDER
124,30124,0.0,0.0,0.0,0.0,0.0,0.0,0.0,0.0,0.0,0.0,0.0,0.0,0.0,0.0,0.0,0.0,0.0,0.0,0.0,0.0,53211,0,0,0,3,BOX ELDER
125,30125,0.0,0.0,0.0,0.0,0.0,0.0,0.0,0.0,0.0,0.0,0.0,0.0,0.0,0.0,0.0,0.0,0.0,0.0,0.0,0.0,75963,0,0,0,3,BOX ELDER
126,30126,0.0,0.0,0.0,0.0,0.0,0.0,0.0,0.0,0.0,0.0,0.0,0.0,0.0,0.0,0.0,0.0,0.0,0.0,0.0,0.0,53211,0,0,0,3,BOX ELDER
127,30127,0.0,0.0,0.0,0.0,0.0,0.0,0.0,0.0,0.0,0.0,0.0,0.0,0.0,0.0,0.0,0.0,0.0,0.0,0.0,0.0,75963,0,0,0,3,BOX ELDER
128,30128,0.0,0.0,0.0,0.0,0.0,0.0,0.0,0.0,0.0,0.0,0.0,0.0,0.0,0.0,0.0,0.0,0.0,0.0,0.0,0.0,69896,0,0,0,3,BOX ELDER
129,30129,0.0,0.0,0.0,0.0,0.0,0.0,0.0,0.0,0.0,0.0,0.0,0.0,0.0,0.0,0.0,0.0,0.0,0.0,0.0,0.0,53211,0,0,0,3,BOX ELDER
130,30130,0.0,0.0,0.0,0.0,0.0,0.0,0.0,0.0,0.0,0.0,0.0,0.0,0.0,0.0,0.0,0.0,0.0,0.0,0.0,0.0,53211,0,0,0,3,BOX ELDER
131,30131,0.0,0.0,0.0,0.0,0.0,0.0,0.0,0.0,0.0,0.0,0.0,0.0,0.0,0.0,0.0,0.0,0.0,0.0,0.0,0.0,53211,0,0,0,3,BOX ELDER
132,30132,0.0,0.0,0.0,0.0,0.0,0.0,0.0,0.0,0.0,0.0,0.0,0.0,0.0,0.0,0.0,0.0,0.0,0.0,0.0,0.0,53211,0,0,0,3,BOX ELDER
133,30133,0.0,0.0,0.0,0.0,0.0,0.0,0.0,0.0,0.0,0.0,0.0,0.0,0.0,0.0,0.0,0.0,0.0,0.0,0.0,0.0,53211,0,0,0,3,BOX ELDER
134,30134,0.0,0.0,0.0,0.0,0.0,0.0,0.0,0.0,0.0,0.0,0.0,0.0,0.0,0.0,0.0,0.0,0.0,0.0,0.0,0.0,53211,0,0,0,3,BOX ELDER
135,30135,0.0,0.0,0.0,0.0,0.0,0.0,0.0,0.0,0.0,0.0,0.0,0.0,0.0,0.0,0.0,0.0,0.0,0.0,0.0,0.0,53211,0,0,0,3,BOX ELDER
136,30136,0.0,0.0,0.0,0.0,0.0,0.0,0.0,0.0,0.0,0.0,0.0,0.0,0.0,0.0,0.0,0.0,0.0,0.0,0.0,0.0,0,0,0,0,0,external
137,30137,0.0,0.0,0.0,0.0,0.0,0.0,0.0,0.0,0.0,0.0,0.0,0.0,0.0,0.0,0.0,0.0,0.0,0.0,0.0,0.0,0,0,0,0,0,external
138,30138,0.0,0.0,0.0,0.0,0.0,0.0,0.0,0.0,0.0,0.0,0.0,0.0,0.0,0.0,0.0,0.0,0.0,0.0,0.0,0.0,0,0,0,0,0,external
139,30139,0.0,0.0,0.0,0.0,0.0,0.0,0.0,0.0,0.0,0.0,0.0,0.0,0.0,0.0,0.0,0.0,0.0,0.0,0.0,0.0,0,0,0,0,0,external
140,30140,0.0,0.0,0.0,0.0,0.0,0.0,0.0,0.0,0.0,0.0,0.0,0.0,0.0,0.0,0.0,0.0,0.0,0.0,0.0,0.0,0,0,0,0,0,external
141,570141,322.0,875.697990222705,2.71955897584691,1533.0,38.0,482.0,1013.0,2360.0283595327696,0.0,38.0,473.0,9.0,245.0,586.0,2.0,180.0,126.09237536656892,108.0,580.9311937470393,12.004790419161676,60843,0,0,0,57,WEBER
142,570142,253.0,735.2214376244794,2.9060135874485358,7.0,1.0,4.0,2.0,46.025586949268614,1.0,0.0,4.0,0.0,0.0,0.0,1.0,1.0,30.02199413489736,0.0,0.0,9.003592814371258,60843,0,0,0,57,WEBER
143,570143,83.0,211.6270143038204,2.54972306390145,70.0,2.0,0.0,68.0,136.01928363926143,0.0,2.0,0.0,0.0,10.0,38.0,4.0,16.0,30.02199413489736,0.0,32.99609189957366,3.001197604790419,60843,0,0,0,57,WEBER
144,570144,36.0,92.13072605468042,2.559186834852234,0.0,0.0,0.0,0.0,16.011396269045484,0.0,0.0,0.0,0.0,0.0,0.0,0.0,0.0,15.01099706744868,0.0,0.0,1.0003992015968064,66989,0,0,0,57,WEBER
145,570145,435.0,1112.866195908021,2.558313094041428,415.0,4.0,2.0,409.0,446.0173842929976,0.0,4.0,0.0,2.0,8.0,231.0,6.0,164.0,15.01099706744868,0.0,0.0,16.006387225548902,66989,0,0,0,57,WEBER
146,570146,149.0,407.746876697447,2.736556219445953,0.0,0.0,0.0,0.0,17.010793661942976,0.0,0.0,0.0,0.0,0.0,0.0,0.0,0.0,12.008797653958943,0.0,0.0,5.001996007984032,66989,0,0,0,57,WEBER
147,570147,377.0,926.7803729856962,2.458303376619884,0.0,0.0,0.0,0.0,111.00942954772763,0.0,0.0,0.0,0.0,0.0,0.0,0.0,0.0,18.013196480938415,0.0,78.99064424443392,14.00558882235529,66989,0,0,0,57,WEBER
148,570148,414.0,1149.3536121673003,2.776216454510388,359.0,140.0,10.0,209.0,379.00965371310167,134.0,6.0,1.0,9.0,0.0,152.0,2.0,55.0,5.00366568914956,0.0,0.0,15.005988023952096,82188,0,0,0,57,WEBER
149,570149,583.0,1592.6757197175448,2.731862297971775,0.0,0.0,0.0,0.0,30.01498147400214,0.0,0.0,0.0,0.0,0.0,0.0,0.0,0.0,9.006598240469208,0.0,0.0,21.008383233532932,82191,0,0,0,57,WEBER
150,570150,547.0,1495.9840666304544,2.734888604443244,553.0,208.0,198.0,147.0,573.0079840319361,202.0,6.0,6.0,192.0,9.0,115.0,1.0,22.0,0.0,0.0,0.0,20.00798403193613,82684,0,0,0,57,WEBER
151,570151,421.0,1240.5721528154988,2.9467272038372894,435.0,61.0,59.0,315.0,460.0133194022512,23.0,38.0,14.0,45.0,3.0,153.0,59.0,100.0,10.00733137829912,0.0,0.0,15.005988023952096,82427,921,0,0,57,WEBER
152,570152,639.0,1806.1271048343287,2.826489991916008,658.0,10.0,155.0,493.0,692.0129883272778,7.0,3.0,122.0,33.0,56.0,178.0,18.0,241.0,6.004398826979472,0.0,4.999407863571767,23.00918163672655,82684,0,1163,0,57,WEBER
153,570153,22.0,59.292051421328985,2.6950932464240447,0.0,0.0,0.0,0.0,25.01288511882134,0.0,0.0,0.0,0.0,0.0,0.0,0.0,0.0,18.013196480938415,0.0,5.99928943628612,1.0003992015968064,60843,0,0,0,57,WEBER
154,570154,84.0,190.6467499547348,2.269604166127795,0.0,0.0,0.0,0.0,31.021725464027956,0.0,0.0,0.0,0.0,0.0,0.0,0.0,0.0,28.020527859237536,0.0,0.0,3.001197604790419,60843,0,0,0,57,WEBER
155,570155,91.0,231.69509324642405,2.54609992578488,0.0,0.0,0.0,0.0,74.05325039071417,0.0,0.0,0.0,0.0,0.0,0.0,0.0,0.0,71.05205278592375,0.0,0.0,3.001197604790419,60843,0,0,0,57,WEBER
156,570156,96.0,244.46568893717185,2.54651759309554,0.0,0.0,0.0,0.0,30.020992326198044,0.0,0.0,0.0,0.0,0.0,0.0,0.0,0.0,27.019794721407624,0.0,0.0,3.001197604790419,60843,0,0,0,57,WEBER
157,570157,49.0,114.93536121673004,2.34561961666796,0.0,0.0,0.0,0.0,41.029390778560185,0.0,0.0,0.0,0.0,0.0,0.0,0.0,0.0,39.02859237536657,0.0,0.0,2.000798403193613,60843,0,0,0,57,WEBER
158,570158,364.0,1029.8573239181603,2.8292783624125284,88.0,27.0,5.0,56.0,124.02205179084646,25.0,2.0,3.0,2.0,9.0,36.0,1.0,10.0,23.016862170087972,0.0,0.0,13.005189620758484,56064,768,0,0,57,WEBER
159,570159,635.0,1723.1182328444686,2.713572020227509,197.0,8.0,8.0,181.0,244.0267769446444,5.0,3.0,4.0,4.0,0.0,167.0,8.0,6.0,24.017595307917887,0.0,0.0,23.00918163672655,60183,0,0,1997,57,WEBER
160,570160,112.0,274.5678073510773,2.451498279920333,3.0,0.0,0.0,3.0,15.00746190902652,0.0,0.0,0.0,0.0,0.0,0.0,0.0,3.0,8.005865102639296,0.0,0.0,4.001596806387226,74507,0,0,0,57,WEBER
161,570161,239.0,685.0512402679703,2.866323181037533,0.0,0.0,0.0,0.0,22.013123606160114,0.0,0.0,0.0,0.0,0.0,0.0,0.0,0.0,13.009530791788857,0.0,0.0,9.003592814371258,74507,0,0,0,57,WEBER
162,570162,508.0,1312.6347999275756,2.5839267715109755,1971.0,128.0,733.0,1110.0,2009.0218483853407,112.0,16.0,592.0,141.0,132.0,601.0,217.0,160.0,20.01466275659824,0.0,0.0,18.007185628742516,74507,0,0,0,57,WEBER
163,570163,11.0,26.453376787977547,2.404852435270686,0.0,0.0,0.0,0.0,3.002199413489736,0.0,0.0,0.0,0.0,0.0,0.0,0.0,0.0,3.002199413489736,0.0,0.0,0.0,74507,0,0,0,57,WEBER
164,570164,33.0,81.18450117689662,2.460136399299897,0.0,0.0,0.0,0.0,8.00553116640619,0.0,0.0,0.0,0.0,0.0,0.0,0.0,0.0,7.005131964809384,0.0,0.0,1.0003992015968064,74507,0,0,0,57,WEBER
165,570165,19.0,34.66304544631541,1.8243708129639689,70.0,38.0,21.0,11.0,74.00259861508654,32.0,6.0,0.0,21.0,1.0,4.0,3.0,3.0,3.002199413489736,0.0,0.0,1.0003992015968064,74507,0,0,0,57,WEBER
166,570166,105.0,291.899330074235,2.77999361975462,0.0,0.0,0.0,0.0,31.02139152779485,0.0,0.0,0.0,0.0,0.0,0.0,0.0,0.0,27.019794721407624,0.0,0.0,4.001596806387226,68646,0,0,0,57,WEBER
167,570167,38.0,119.49628824913997,3.144639164451052,0.0,0.0,0.0,0.0,25.017994509514693,0.0,0.0,0.0,0.0,0.0,0.0,0.0,0.0,24.017595307917887,0.0,0.0,1.0003992015968064,68532,0,0,0,57,WEBER
168,570168,97.0,263.6215824732935,2.7177482729205518,34.0,26.0,1.0,7.0,68.0239248775177,26.0,0.0,1.0,0.0,3.0,3.0,0.0,1.0,31.022727272727277,0.0,0.0,3.001197604790419,68532,0,0,0,57,WEBER
169,570169,176.0,514.4725692558392,2.923139598044541,0.0,0.0,0.0,0.0,43.02952130928758,0.0,0.0,0.0,0.0,0.0,0.0,0.0,0.0,37.02712609970674,0.0,0.0,6.002395209580838,68532,0,0,0,57,WEBER
170,570170,9.0,18.24370812963969,2.0270786810710764,0.0,0.0,0.0,0.0,8.005865102639296,0.0,0.0,0.0,0.0,0.0,0.0,0.0,0.0,8.005865102639296,0.0,0.0,0.0,74607,0,0,0,57,WEBER
171,570171,47.0,115.84754662321204,2.4648414175151494,0.0,0.0,0.0,0.0,29.020593124601238,0.0,0.0,0.0,0.0,0.0,0.0,0.0,0.0,27.019794721407624,0.0,0.0,2.000798403193613,74607,0,0,0,57,WEBER
172,570172,65.0,170.57867101213108,2.624287246340478,4.0,2.0,0.0,2.0,17.008862919322645,1.0,1.0,0.0,0.0,0.0,0.0,1.0,1.0,11.008064516129032,0.0,0.0,2.000798403193613,74607,0,0,0,57,WEBER
173,570173,220.0,631.2323012855333,2.8692377331160603,964.0,499.0,103.0,362.0,996.0207889206923,432.0,67.0,24.0,79.0,33.0,86.0,40.0,203.0,24.017595307917887,0.0,0.0,8.003193612774451,74607,0,0,0,57,WEBER
174,570174,12.0,34.66304544631541,2.888587120526284,0.0,0.0,0.0,0.0,0.0,0.0,0.0,0.0,0.0,0.0,0.0,0.0,0.0,0.0,0.0,0.0,0.0,80065,0,0,0,57,WEBER
175,570175,7.0,15.507151910193736,2.2153074157419623,0.0,0.0,0.0,0.0,0.0,0.0,0.0,0.0,0.0,0.0,0.0,0.0,0.0,0.0,0.0,0.0,0.0,80065,0,0,0,57,WEBER
176,570176,500.0,1415.7117508600395,2.8314235017200797,20.0,7.0,10.0,3.0,45.0123175935519,0.0,7.0,10.0,0.0,0.0,0.0,3.0,0.0,7.005131964809384,0.0,0.0,18.007185628742516,80065,0,0,0,57,WEBER
177,570177,232.0,550.0478001086366,2.370895690123433,3518.0,907.0,1065.0,1546.0,3543.015656955883,406.0,501.0,939.0,126.0,79.0,657.0,55.0,755.0,17.012463343108504,0.0,0.0,8.003193612774451,74269,0,0,0,57,WEBER
178,570178,1130.0,3043.962701430382,2.6937723021507805,660.0,16.0,242.0,402.0,707.0207660924485,6.0,10.0,206.0,36.0,3.0,101.0,186.0,112.0,6.004398826979472,0.0,0.0,41.01636726546906,74269,0,0,0,57,WEBER
179,570179,392.0,1077.2909650552235,2.7481912373857744,569.0,11.0,192.0,366.0,609.0067675385063,10.0,1.0,157.0,35.0,3.0,171.0,36.0,156.0,5.00366568914956,0.0,20.99751302700142,14.00558882235529,74269,0,0,0,57,WEBER
180,570180,14.0,37.39960166576136,2.6714001189829544,0.0,0.0,0.0,0.0,1.0003992015968064,0.0,0.0,0.0,0.0,0.0,0.0,0.0,0.0,0.0,0.0,0.0,1.0003992015968064,82031,0,0,0,57,WEBER
181,570181,94.0,273.65562194459534,2.9112300206871846,2.0,0.0,1.0,1.0,6.001930742620331,0.0,0.0,0.0,1.0,0.0,0.0,0.0,1.0,1.000733137829912,0.0,0.0,3.001197604790419,82031,0,0,0,57,WEBER
182,570182,221.0,725.1873981531776,3.281390941869582,0.0,0.0,0.0,0.0,8.003193612774451,0.0,0.0,0.0,0.0,0.0,0.0,0.0,0.0,0.0,0.0,0.0,8.003193612774451,75428,0,0,0,57,WEBER
183,570183,876.0,2668.1423139598046,3.0458245593148456,231.0,0.0,0.0,231.0,262.012375249501,0.0,0.0,0.0,0.0,0.0,217.0,7.0,7.0,0.0,0.0,0.0,31.012375249501,89059,583,0,1895,57,WEBER
184,570184,1143.0,3490.0213652000725,3.053387021172417,21.0,3.0,3.0,15.0,140.0071299371886,3.0,0.0,2.0,1.0,2.0,0.0,7.0,6.0,0.0,0.0,77.99076267171957,41.01636726546906,75428,0,0,0,57,WEBER
185,570185,574.0,1575.3441969943872,2.7445020853560758,103.0,7.0,3.0,93.0,128.01131578485257,1.0,6.0,1.0,2.0,0.0,8.0,4.0,81.0,4.002932551319648,0.0,0.0,21.008383233532932,47778,0,0,0,57,WEBER
186,570186,422.0,1058.135071519102,2.507429079429152,1416.0,701.0,34.0,681.0,1676.9794096070298,389.0,312.0,33.0,1.0,29.0,79.0,231.0,342.0,3.002199413489736,0.0,242.9712221695879,15.005988023952096,47778,0,0,0,57,WEBER
187,570187,750.0,2179.2109360854606,2.905614581447281,168.0,4.0,3.0,161.0,206.00947574297166,4.0,0.0,0.0,3.0,24.0,104.0,3.0,30.0,0.0,0.0,10.998697299857888,27.01077844311377,85949,753,0,0,57,WEBER
188,570188,266.0,773.5332246967228,2.908019641717003,0.0,0.0,0.0,0.0,10.003992015968064,0.0,0.0,0.0,0.0,0.0,0.0,0.0,0.0,0.0,0.0,0.0,10.003992015968064,84050,0,0,0,57,WEBER
189,570189,373.0,1144.7926851348905,3.0691492899058725,14.0,0.0,0.0,14.0,38.003886920616374,0.0,0.0,0.0,0.0,1.0,12.0,0.0,1.0,0.0,0.0,10.998697299857888,13.005189620758484,63268,0,681,0,57,WEBER
190,570190,394.0,1190.4019554589895,3.021324760048197,0.0,0.0,0.0,0.0,68.99907532164472,0.0,0.0,0.0,0.0,0.0,0.0,0.0,0.0,0.0,0.0,54.99348649928944,14.00558882235529,68447,0,0,0,57,WEBER
191,570191,527.0,1424.8336049248596,2.7036690795538134,108.0,21.0,0.0,87.0,188.00121233103042,9.0,12.0,0.0,0.0,2.0,37.0,20.0,28.0,1.000733137829912,0.0,59.99289436286121,19.00758483033932,63759,550,0,0,57,WEBER
192,570192,746.0,2086.1680246242986,2.796471882874395,0.0,0.0,0.0,0.0,28.011511580943683,0.0,0.0,0.0,0.0,0.0,0.0,0.0,0.0,1.000733137829912,0.0,0.0,27.01077844311377,70707,0,0,0,57,WEBER
193,570193,172.0,476.1607821835959,2.7683766406023014,1972.0,177.0,1346.0,449.0,1984.0067940365602,15.0,162.0,500.0,846.0,15.0,112.0,5.0,317.0,6.004398826979472,0.0,0.0,6.002395209580838,62747,0,0,0,57,WEBER
194,570194,122.0,350.279196089082,2.8711409515498527,2148.0,11.0,1717.0,420.0,2154.003063082047,5.0,6.0,1532.0,185.0,5.0,275.0,0.0,140.0,2.001466275659824,0.0,0.0,4.001596806387226,62747,0,0,0,57,WEBER
195,570195,664.0,1724.0304182509506,2.596431352787576,715.0,81.0,212.0,422.0,742.0117802518131,66.0,15.0,63.0,149.0,35.0,124.0,129.0,134.0,3.002199413489736,0.0,0.0,24.00958083832335,45645,0,0,0,57,WEBER
196,570196,2862.0,7144.236103566902,2.49623902989759,384.0,56.0,15.0,313.0,490.0433171779608,14.0,42.0,3.0,12.0,4.0,129.0,77.0,103.0,3.002199413489736,0.0,0.0,103.04111776447104,63780,1436,1149,0,57,WEBER
197,570197,60.0,145.9496650371175,2.432494417285292,2630.0,1480.0,28.0,1122.0,2634.0022646788534,1442.0,38.0,25.0,3.0,161.0,405.0,5.0,551.0,2.001466275659824,0.0,0.0,2.000798403193613,57050,0,0,0,57,WEBER
198,570198,1609.0,3857.632084012312,2.397533924184159,606.0,51.0,76.0,479.0,779.0112376849966,32.0,19.0,50.0,26.0,38.0,115.0,21.0,305.0,2.001466275659824,0.0,112.98661771672194,58.02315369261477,57050,0,0,0,57,WEBER
199,570199,359.0,964.1799746514577,2.6857380909511352,508.0,154.0,23.0,331.0,523.0066558964184,133.0,21.0,5.0,18.0,8.0,49.0,7.0,267.0,2.001466275659824,0.0,0.0,13.005189620758484,57050,0,0,0,57,WEBER
200,570200,1335.0,3163.458989679522,2.3696322020071325,2025.0,1184.0,11.0,830.0,2849.9356593268544,906.0,278.0,10.0,1.0,6.0,144.0,73.0,607.0,10.00733137829912,0.0,766.909166271909,48.0191616766467,61063,624,0,0,57,WEBER
201,570201,950.0,2370.7698714466774,2.4955472331017656,745.0,302.0,2.0,441.0,810.0116047386674,216.0,86.0,2.0,0.0,1.0,219.0,106.0,115.0,2.001466275659824,0.0,28.99656560871625,34.01357285429142,58354,0,0,0,57,WEBER
202,570202,122.0,319.2648922686945,2.616925346464709,107.0,1.0,2.0,104.0,114.00379621987696,0.0,1.0,1.0,1.0,3.0,27.0,68.0,6.0,3.002199413489736,0.0,0.0,4.001596806387226,58354,0,0,0,57,WEBER
203,570203,373.0,1049.925402860764,2.814813412495346,16.0,0.0,1.0,15.0,33.00812217207813,0.0,0.0,0.0,1.0,4.0,1.0,7.0,3.0,4.002932551319648,0.0,0.0,13.005189620758484,59979,0,0,0,57,WEBER
204,570204,700.0,1694.8404852435272,2.421200693205039,382.0,85.0,34.0,263.0,407.00998003992015,20.0,65.0,32.0,2.0,7.0,128.0,17.0,111.0,0.0,0.0,0.0,25.00998003992016,66466,524,0,0,57,WEBER
205,570205,357.0,949.5850081477458,2.659901983607132,0.0,0.0,0.0,0.0,14.005922758588396,0.0,0.0,0.0,0.0,0.0,0.0,0.0,0.0,1.000733137829912,0.0,0.0,13.005189620758484,66466,0,0,0,57,WEBER
206,570206,22.0,50.17019735650914,2.280463516204961,0.0,0.0,0.0,0.0,3.00186547725663,0.0,0.0,0.0,0.0,0.0,0.0,0.0,0.0,2.001466275659824,0.0,0.0,1.0003992015968064,66466,0,0,0,57,WEBER
207,570207,1118.0,2848.7550244432373,2.548081417212198,112.0,3.0,1.0,108.0,269.0029636365672,0.0,3.0,0.0,1.0,42.0,9.0,55.0,2.0,1.000733137829912,0.0,115.986262434865,40.01596806387226,34574,555,0,0,57,WEBER
208,570208,838.0,2165.528154988231,2.584162476119608,23.0,1.0,2.0,20.0,198.9963887944309,1.0,0.0,0.0,2.0,5.0,1.0,0.0,14.0,2.001466275659824,0.0,143.9829464708669,30.01197604790419,54132,428,0,0,57,WEBER
209,570209,1316.0,3407.9246786166937,2.5896084184017427,270.0,10.0,3.0,257.0,739.9686677332214,3.0,7.0,1.0,2.0,3.0,31.0,151.0,72.0,0.0,0.0,422.9499052581715,47.018762475049904,33306,0,0,0,57,WEBER
210,570210,550.0,1431.2189027702336,2.60221618685497,14.0,0.0,0.0,14.0,34.00798403193613,0.0,0.0,0.0,0.0,0.0,0.0,7.0,7.0,0.0,0.0,0.0,20.00798403193613,45718,0,0,0,57,WEBER
211,570211,266.0,737.9579938439254,2.774278172345584,114.0,5.0,2.0,107.0,132.00985711860736,1.0,4.0,2.0,0.0,2.0,70.0,11.0,24.0,8.005865102639296,0.0,0.0,10.003992015968064,62747,0,0,0,57,WEBER
212,570212,23.0,57.46768060836502,2.4985948090593486,1365.0,434.0,32.0,899.0,1378.0091968555557,344.0,90.0,25.0,7.0,16.0,350.0,80.0,453.0,12.008797653958943,0.0,0.0,1.0003992015968064,62747,426,183,183,57,WEBER
213,570213,254.0,706.9436900235379,2.7832428741084168,442.0,30.0,246.0,166.0,481.0111103423041,2.0,28.0,228.0,18.0,38.0,67.0,4.0,57.0,13.009530791788857,0.0,16.997986736144007,9.003592814371258,62747,462,0,0,57,WEBER
214,570214,474.0,1269.7620858229222,2.678822965871144,467.0,1.0,45.0,421.0,500.0100009812687,0.0,1.0,2.0,43.0,0.0,42.0,223.0,156.0,6.004398826979472,0.0,9.998815727143533,17.00678642714571,45090,503,0,0,57,WEBER
215,570215,0.0,0.0,0.0,6325.0,566.0,2680.0,3079.0,6325.0,510.0,56.0,1948.0,732.0,402.0,860.0,33.0,1784.0,0.0,0.0,0.0,0.0,45090,0,0,0,57,WEBER
216,570216,0.0,0.0,0.0,3857.0,578.0,744.0,2535.0,3859.00146627566,537.0,41.0,587.0,157.0,477.0,733.0,29.0,1296.0,2.001466275659824,0.0,0.0,0.0,45090,0,0,0,57,WEBER
217,570217,1154.0,3103.254752851711,2.689128901951223,245.0,2.0,59.0,184.0,288.0178335411289,1.0,1.0,11.0,48.0,1.0,112.0,4.0,67.0,2.001466275659824,0.0,0.0,41.01636726546906,44718,0,0,0,57,WEBER
218,570218,578.0,1573.5198261814232,2.7223526404522893,1352.0,299.0,258.0,795.0,1373.0083832335329,241.0,58.0,226.0,32.0,16.0,200.0,26.0,553.0,0.0,0.0,0.0,21.008383233532932,44718,0,0,0,57,WEBER
219,570219,945.0,2453.778743436538,2.5965912628958074,1190.0,466.0,20.0,704.0,1261.0091910447225,243.0,223.0,7.0,13.0,70.0,54.0,50.0,530.0,0.0,0.0,36.995618190431074,34.01357285429142,31000,425,0,0,57,WEBER
220,570220,956.0,2125.391997103024,2.223213386091029,1021.0,220.0,42.0,759.0,1056.0143059921213,220.0,0.0,14.0,28.0,11.0,528.0,8.0,212.0,1.000733137829912,0.0,0.0,34.01357285429142,30234,0,0,0,57,WEBER
221,570221,850.0,1889.1359768241896,2.2225129139108115,322.0,111.0,4.0,207.0,367.01071726750195,104.0,7.0,4.0,0.0,17.0,105.0,6.0,79.0,0.0,0.0,13.998342018000947,31.012375249501,27691,559,862,0,57,WEBER
222,570222,750.0,2020.490675357596,2.693987567143461,20.0,0.0,0.0,20.0,49.012244718773594,0.0,0.0,0.0,0.0,0.0,12.0,0.0,8.0,2.001466275659824,0.0,0.0,27.01077844311377,46822,462,0,0,57,WEBER
223,570223,113.0,285.51403222886114,2.526672851582842,0.0,0.0,0.0,0.0,4.001596806387226,0.0,0.0,0.0,0.0,0.0,0.0,0.0,0.0,0.0,0.0,0.0,4.001596806387226,46959,0,0,0,57,WEBER
224,570224,452.0,1199.5238095238096,2.653813737884535,271.0,66.0,12.0,193.0,287.0063872255489,66.0,0.0,12.0,0.0,23.0,77.0,12.0,81.0,0.0,0.0,0.0,16.006387225548902,48047,0,0,0,57,WEBER
225,570225,517.0,1417.536121673004,2.741849364938112,0.0,0.0,0.0,0.0,19.00758483033932,0.0,0.0,0.0,0.0,0.0,0.0,0.0,0.0,0.0,0.0,0.0,19.00758483033932,48151,0,0,0,57,WEBER
226,570226,306.0,743.4311062828173,2.429513419224893,61.0,57.0,0.0,4.0,72.00439121756487,0.0,57.0,0.0,0.0,0.0,1.0,0.0,3.0,0.0,0.0,0.0,11.004391217564873,34092,0,0,0,57,WEBER
227,570227,606.0,1401.116784356328,2.312073901578099,1065.0,288.0,6.0,771.0,1097.007598162273,38.0,250.0,6.0,0.0,9.0,242.0,127.0,393.0,0.0,0.0,9.998815727143533,22.008782435129746,36708,4,4,0,57,WEBER
228,570228,356.0,828.2643490856418,2.326585250240567,169.0,4.0,0.0,165.0,182.00518962075847,3.0,1.0,0.0,0.0,0.0,81.0,79.0,5.0,0.0,0.0,0.0,13.005189620758484,37097,0,0,1253,57,WEBER
229,570229,509.0,1250.6061922868007,2.45698662531788,230.0,0.0,0.0,230.0,271.0044618011726,0.0,0.0,0.0,0.0,0.0,223.0,5.0,2.0,0.0,0.0,22.99727617243013,18.007185628742516,48456,502,16,16,57,WEBER
230,570230,355.0,876.610175629187,2.469324438392076,155.0,17.0,19.0,119.0,172.00471591161588,13.0,4.0,14.0,5.0,20.0,26.0,8.0,65.0,0.0,0.0,3.9995262908574136,13.005189620758484,51091,0,0,0,57,WEBER
231,570231,549.0,1302.6007604562735,2.37267898079467,6.0,0.0,0.0,6.0,26.00798403193613,0.0,0.0,0.0,0.0,0.0,0.0,1.0,5.0,0.0,0.0,0.0,20.00798403193613,50361,0,0,0,57,WEBER
232,570232,23.0,59.292051421328985,2.577915279188217,9.0,1.0,2.0,6.0,44.025325887813814,1.0,0.0,0.0,2.0,0.0,1.0,5.0,0.0,34.02492668621701,0.0,0.0,1.0003992015968064,79557,0,0,0,57,WEBER
233,570233,42.0,105.8135071519102,2.519369217902624,0.0,0.0,0.0,0.0,12.008129781492734,0.0,0.0,0.0,0.0,0.0,0.0,0.0,0.0,10.00733137829912,0.0,0.0,2.000798403193613,79557,0,0,0,57,WEBER
234,570234,104.0,296.4602571066449,2.8505793952562013,0.0,0.0,0.0,0.0,18.011860736005993,0.0,0.0,0.0,0.0,0.0,0.0,0.0,0.0,14.010263929618768,0.0,0.0,4.001596806387226,79557,0,0,0,57,WEBER
235,570235,56.0,150.51059206952743,2.6876891440987043,0.0,0.0,0.0,0.0,14.009596057152557,0.0,0.0,0.0,0.0,0.0,0.0,0.0,0.0,12.008797653958943,0.0,0.0,2.000798403193613,79557,0,0,0,57,WEBER
236,570236,111.0,315.6161506427666,2.843388744529429,0.0,0.0,0.0,0.0,11.00672877119661,0.0,0.0,0.0,0.0,0.0,0.0,0.0,0.0,7.005131964809384,0.0,0.0,4.001596806387226,79557,0,0,0,57,WEBER
237,570237,45.0,110.37443418432012,2.452765204096002,0.0,0.0,0.0,0.0,12.008129781492734,0.0,0.0,0.0,0.0,0.0,0.0,0.0,0.0,10.00733137829912,0.0,0.0,2.000798403193613,79557,0,0,0,57,WEBER
238,570238,262.0,734.3092522179975,2.8027070695343417,0.0,0.0,0.0,0.0,14.007258503520818,0.0,0.0,0.0,0.0,0.0,0.0,0.0,0.0,5.00366568914956,0.0,0.0,9.003592814371258,79557,0,0,0,57,WEBER
239,570239,10.0,23.716820568531595,2.37168205685316,0.0,0.0,0.0,0.0,15.01099706744868,0.0,0.0,0.0,0.0,0.0,0.0,0.0,0.0,15.01099706744868,0.0,0.0,0.0,79557,0,0,0,57,WEBER
240,570240,64.0,158.72026072786528,2.480004073872895,0.0,0.0,0.0,0.0,12.008129781492734,0.0,0.0,0.0,0.0,0.0,0.0,0.0,0.0,10.00733137829912,0.0,0.0,2.000798403193613,79557,0,0,0,57,WEBER
241,570241,127.0,353.92793771500993,2.7868341552362987,0.0,0.0,0.0,0.0,10.005661697133593,0.0,0.0,0.0,0.0,0.0,0.0,0.0,0.0,5.00366568914956,0.0,0.0,5.001996007984032,79557,0,0,0,57,WEBER
242,570242,69.0,193.3833061741807,2.80265661122001,0.0,0.0,0.0,0.0,12.008129781492734,0.0,0.0,0.0,0.0,0.0,0.0,0.0,0.0,10.00733137829912,0.0,0.0,2.000798403193613,79557,0,0,0,57,WEBER
243,570243,401.0,1066.3447401774397,2.6592138159038394,472.0,27.0,29.0,416.0,494.01145392499456,8.0,19.0,4.0,25.0,6.0,52.0,0.0,358.0,8.005865102639296,0.0,0.0,14.00558882235529,51279,0,0,0,57,WEBER
244,570244,794.0,1733.1522723157705,2.182811426090391,1616.0,437.0,450.0,729.0,1673.009446383658,286.0,151.0,78.0,372.0,11.0,249.0,10.0,459.0,2.001466275659824,0.0,26.99680246328754,28.01117764471058,51279,0,0,0,57,WEBER
245,570245,1005.0,2382.6282817309434,2.370774409682531,360.0,1.0,270.0,89.0,402.0187700844645,0.0,1.0,39.0,231.0,1.0,66.0,2.0,20.0,6.004398826979472,0.0,0.0,36.01437125748503,51279,0,0,0,57,WEBER
246,570246,350.0,937.72659786348,2.6792188510385144,510.0,77.0,255.0,178.0,527.0081221720782,55.0,22.0,178.0,77.0,13.0,74.0,0.0,91.0,4.002932551319648,0.0,0.0,13.005189620758484,51279,0,0,0,57,WEBER
247,570247,406.0,1030.7695093246425,2.538841155972026,1434.0,165.0,822.0,447.0,1523.9971059775287,59.0,106.0,489.0,333.0,9.0,213.0,21.0,204.0,0.0,0.0,74.9911179535765,15.005988023952096,51279,13,3,0,57,WEBER
248,570248,135.0,367.6107188122397,2.723042361572146,654.0,63.0,265.0,326.0,680.0080246861411,34.0,29.0,191.0,74.0,46.0,132.0,0.0,148.0,10.00733137829912,0.0,10.998697299857888,5.001996007984032,51279,0,0,0,57,WEBER
249,570249,691.0,1724.9426036574323,2.496298992268354,1174.0,39.0,271.0,864.0,1235.0165782803895,38.0,1.0,82.0,189.0,87.0,128.0,280.0,369.0,9.006598240469208,27.0,0.0,25.00998003992016,51279,0,0,0,57,WEBER
250,570250,60.0,165.1055585732392,2.7517593095539867,0.0,0.0,0.0,0.0,13.008862919322645,0.0,0.0,0.0,0.0,0.0,0.0,0.0,0.0,11.008064516129032,0.0,0.0,2.000798403193613,85322,0,0,0,57,WEBER
251,570251,88.0,259.0606554408836,2.943871084555495,0.0,0.0,0.0,0.0,9.005596431769892,0.0,0.0,0.0,0.0,0.0,0.0,0.0,0.0,6.004398826979472,0.0,0.0,3.001197604790419,85322,0,0,0,57,WEBER
252,570252,94.0,265.44595328625746,2.8238931200665687,25.0,4.0,15.0,6.0,37.00779584525963,4.0,0.0,15.0,0.0,1.0,2.0,3.0,0.0,9.006598240469208,0.0,0.0,3.001197604790419,85322,0,0,0,57,WEBER
253,570253,29.0,62.02860764077494,2.1389175048543083,0.0,0.0,0.0,0.0,13.00919685555575,0.0,0.0,0.0,0.0,0.0,0.0,0.0,0.0,12.008797653958943,0.0,0.0,1.0003992015968064,85322,0,0,0,57,WEBER
254,570254,157.0,423.2540286076408,2.695885532532744,0.0,0.0,0.0,0.0,13.007527174390223,0.0,0.0,0.0,0.0,0.0,0.0,0.0,0.0,7.005131964809384,0.0,0.0,6.002395209580838,85322,0,0,0,57,WEBER
255,570255,111.0,323.82581930110445,2.9173497234333734,0.0,0.0,0.0,0.0,12.00746190902652,0.0,0.0,0.0,0.0,0.0,0.0,0.0,0.0,8.005865102639296,0.0,0.0,4.001596806387226,85322,812,0,0,57,WEBER
256,570256,355.0,963.2677892449756,2.713430392239368,299.0,18.0,4.0,277.0,313.0059227585884,0.0,18.0,2.0,2.0,12.0,138.0,2.0,125.0,1.000733137829912,0.0,0.0,13.005189620758484,85322,670,287,0,57,WEBER
257,570257,305.0,870.2248777838131,2.853196320602666,163.0,61.0,9.0,93.0,190.01612142284347,28.0,33.0,9.0,0.0,0.0,18.0,46.0,29.0,16.011730205278592,0.0,0.0,11.004391217564873,85322,0,0,0,57,WEBER
258,570258,321.0,891.2051421328988,2.7763400066445447,9.0,0.0,0.0,9.0,27.009189246141148,0.0,0.0,0.0,0.0,2.0,0.0,3.0,4.0,6.004398826979472,0.0,0.0,12.004790419161676,85322,0,0,0,57,WEBER
259,570259,96.0,263.6215824732935,2.746058150763474,9.0,0.0,0.0,9.0,20.007062707429718,0.0,0.0,0.0,0.0,0.0,0.0,0.0,9.0,8.005865102639296,0.0,0.0,3.001197604790419,85322,0,0,0,57,WEBER
260,570260,7.0,14.59496650371175,2.0849952148159643,3891.0,259.0,2269.0,1363.0,3891.0,190.0,69.0,1782.0,487.0,781.0,196.0,138.0,248.0,0.0,0.0,0.0,0.0,22791,0,0,0,57,WEBER
261,570261,19.0,45.60927032409922,2.400487911794696,1659.0,91.0,624.0,944.0,1662.0018654772566,91.0,0.0,270.0,354.0,82.0,188.0,19.0,655.0,2.001466275659824,0.0,0.0,1.0003992015968064,22791,0,0,0,57,WEBER
262,570262,8.0,20.06807894260366,2.5085098678254574,752.0,12.0,622.0,118.0,752.0,9.0,3.0,205.0,417.0,5.0,43.0,0.0,70.0,0.0,0.0,0.0,0.0,22791,0,0,0,57,WEBER
263,570263,0.0,0.0,0.0,692.0,5.0,266.0,421.0,692.0,4.0,1.0,2.0,264.0,38.0,32.0,0.0,351.0,0.0,0.0,0.0,0.0,22791,0,0,0,57,WEBER
264,570264,6.0,9.0,1.5,4167.0,134.0,3221.0,812.0,4167.0,86.0,48.0,3135.0,86.0,300.0,139.0,20.0,353.0,0.0,0.0,0.0,0.0,22791,0,0,0,57,WEBER
265,570265,220.0,613.9007785623755,2.790458084374434,138.0,47.0,25.0,66.0,171.02152205852227,40.0,7.0,25.0,0.0,1.0,13.0,25.0,27.0,25.0183284457478,0.0,0.0,8.003193612774451,81994,0,0,0,57,WEBER
266,570266,48.0,126.79377150099585,2.6415369062707463,0.0,0.0,0.0,0.0,22.015461159791855,0.0,0.0,0.0,0.0,0.0,0.0,0.0,0.0,20.01466275659824,0.0,0.0,2.000798403193613,81994,0,0,0,57,WEBER
267,570267,268.0,815.493753394894,3.0428871395331867,5.0,0.0,0.0,5.0,234.99922714101479,0.0,0.0,0.0,0.0,3.0,0.0,0.0,2.0,25.0183284457478,0.0,194.9769066792989,10.003992015968064,81994,0,0,0,57,WEBER
268,570268,416.0,1224.1528154988232,2.9426750372567865,101.0,8.0,15.0,78.0,132.0177182292307,8.0,0.0,0.0,15.0,15.0,24.0,32.0,7.0,16.011730205278592,0.0,0.0,15.005988023952096,81994,0,0,0,57,WEBER
269,570269,189.0,557.3452833604924,2.9489168431772086,0.0,0.0,0.0,0.0,41.027721097394654,0.0,0.0,0.0,0.0,0.0,0.0,0.0,0.0,34.02492668621701,0.0,0.0,7.002794411177645,80294,0,0,0,57,WEBER
270,570270,431.0,1293.4789063914538,3.0011111517203104,54.0,18.0,8.0,28.0,87.01918450489052,18.0,0.0,1.0,7.0,6.0,7.0,0.0,15.0,18.013196480938415,0.0,0.0,15.005988023952096,80294,0,0,0,57,WEBER
271,570271,325.0,924.9560021727322,2.8460184682237912,756.0,104.0,376.0,276.0,790.0209194514197,86.0,18.0,320.0,56.0,21.0,155.0,33.0,67.0,22.016129032258064,0.0,0.0,12.004790419161676,80294,634,0,0,57,WEBER
272,570272,442.0,1320.8444685859135,2.988335901778085,0.0,0.0,0.0,0.0,19.00858663903864,0.0,0.0,0.0,0.0,0.0,0.0,0.0,0.0,3.002199413489736,0.0,0.0,16.006387225548902,81969,0,0,0,57,WEBER
273,570273,217.0,620.2860764077494,2.858461181602532,231.0,3.0,2.0,226.0,239.00319361277445,3.0,0.0,1.0,1.0,0.0,208.0,0.0,18.0,0.0,0.0,0.0,8.003193612774451,81969,535,1042,0,57,WEBER
274,570274,419.0,1259.7280463516206,3.006510850481195,0.0,0.0,0.0,0.0,22.01111998876148,0.0,0.0,0.0,0.0,0.0,0.0,0.0,0.0,7.005131964809384,0.0,0.0,15.005988023952096,81969,0,0,0,57,WEBER
275,570275,700.0,2025.9637877964876,2.8942339825664107,11.0,2.0,0.0,9.0,41.01364572906972,0.0,2.0,0.0,0.0,1.0,1.0,0.0,7.0,5.00366568914956,0.0,0.0,25.00998003992016,81969,818,0,0,57,WEBER
276,570276,1274.0,3339.510773130545,2.6212800417037245,153.0,40.0,11.0,102.0,827.9455756410125,32.0,8.0,3.0,8.0,1.0,20.0,8.0,73.0,2.001466275659824,0.0,626.9257460918996,46.0183632734531,67121,697,0,0,57,WEBER
277,570277,940.0,2008.6322650733296,2.1368428351843933,55.0,31.0,0.0,24.0,102.01458799492468,26.0,5.0,0.0,0.0,3.0,0.0,6.0,15.0,3.002199413489736,0.0,9.998815727143533,34.01357285429142,67121,0,0,0,57,WEBER
278,570278,1199.0,2988.319391634981,2.492343112289392,1186.0,222.0,364.0,600.0,1232.0193650821525,180.0,42.0,361.0,3.0,51.0,74.0,121.0,354.0,3.002199413489736,0.0,0.0,43.01716566866268,67121,0,0,0,57,WEBER
279,570279,1705.0,4246.223067173638,2.490453411832046,276.0,26.0,38.0,212.0,409.0183792281853,25.0,1.0,5.0,33.0,48.0,10.0,5.0,149.0,3.002199413489736,0.0,68.99182851729039,61.02435129740519,55904,0,0,0,57,WEBER
280,570280,1179.0,3117.8497193554226,2.6444866152293662,396.0,187.0,3.0,206.0,615.9965379753363,109.0,78.0,0.0,3.0,15.0,73.0,42.0,76.0,1.000733137829912,0.0,176.97903837044055,42.01676646706587,59574,554,0,0,57,WEBER
281,570281,721.0,1851.7363751584285,2.5682890085415098,188.0,6.0,6.0,176.0,214.01037924151697,0.0,6.0,6.0,0.0,156.0,10.0,0.0,10.0,0.0,0.0,0.0,26.010379241516965,38531,0,0,0,57,WEBER
282,570282,468.0,1256.0793047256925,2.683930138302762,1533.0,91.0,139.0,1303.0,1551.0075195649756,39.0,52.0,103.0,36.0,494.0,184.0,2.0,623.0,1.000733137829912,0.0,0.0,17.00678642714571,58603,451,0,0,57,WEBER
283,570283,334.0,893.0295129458627,2.67374105672414,75.0,0.0,0.0,75.0,87.00479041916168,0.0,0.0,0.0,0.0,1.0,49.0,22.0,3.0,0.0,0.0,0.0,12.004790419161676,51073,520,0,0,57,WEBER
284,570284,561.0,1414.7995654535578,2.521924359097251,195.0,15.0,1.0,179.0,215.00798403193613,6.0,9.0,1.0,0.0,10.0,107.0,1.0,61.0,0.0,0.0,0.0,20.00798403193613,54372,0,804,1677,57,WEBER
285,570285,820.0,2094.3776932826363,2.5541191381495563,164.0,44.0,10.0,110.0,193.01157684630738,26.0,18.0,9.0,1.0,10.0,10.0,5.0,85.0,0.0,0.0,0.0,29.011576846307385,45228,0,0,0,57,WEBER
286,570286,1218.0,3138.8299837045083,2.5770361114158526,14.0,0.0,0.0,14.0,62.01709116111691,0.0,0.0,0.0,0.0,4.0,1.0,2.0,7.0,0.0,0.0,3.9995262908574136,44.01756487025949,61880,0,0,0,57,WEBER
287,570287,486.0,1248.7818214738368,2.569509920728059,511.0,93.0,0.0,418.0,528.0067864271457,23.0,70.0,0.0,0.0,4.0,25.0,193.0,196.0,0.0,0.0,0.0,17.00678642714571,60436,0,0,0,57,WEBER
288,570288,718.0,2141.8113344196995,2.983024142645821,152.0,6.0,1.0,145.0,230.0050725877789,0.0,6.0,0.0,1.0,1.0,6.0,90.0,48.0,1.000733137829912,0.0,50.99396020843202,26.010379241516965,71619,0,0,0,57,WEBER
289,570289,661.0,1968.4961071881223,2.9780576508141032,9.0,0.0,0.0,9.0,33.00958083832335,0.0,0.0,0.0,0.0,1.0,0.0,4.0,4.0,0.0,0.0,0.0,24.00958083832335,77648,0,0,0,57,WEBER
290,570290,512.0,1403.853340575774,2.7419010558120585,282.0,122.0,0.0,160.0,301.0079187665724,92.0,30.0,0.0,0.0,4.0,24.0,65.0,67.0,1.000733137829912,0.0,0.0,18.007185628742516,77035,0,0,0,57,WEBER
291,570291,420.0,1095.534673184863,2.6084158885353887,82.0,3.0,42.0,37.0,97.0059880239521,1.0,2.0,35.0,7.0,1.0,9.0,12.0,15.0,0.0,0.0,0.0,15.005988023952096,54657,0,0,0,57,WEBER
292,570292,402.0,1025.2963968857505,2.550488549467041,636.0,1.0,0.0,635.0,650.0055888223553,0.0,1.0,0.0,0.0,4.0,147.0,252.0,232.0,0.0,0.0,0.0,14.00558882235529,58710,522,0,0,57,WEBER
293,570293,472.0,1298.039833423864,2.750084392847169,0.0,0.0,0.0,0.0,17.00678642714571,0.0,0.0,0.0,0.0,0.0,0.0,0.0,0.0,0.0,0.0,0.0,17.00678642714571,55901,0,0,0,57,WEBER
294,570294,451.0,1164.8607640774942,2.5828398316574157,553.0,170.0,0.0,383.0,569.0063872255489,151.0,19.0,0.0,0.0,10.0,131.0,57.0,185.0,0.0,0.0,0.0,16.006387225548902,41229,472,0,0,57,WEBER
295,570295,621.0,1500.5449936628645,2.416336543740522,367.0,52.0,1.0,314.0,389.0087824351298,12.0,40.0,0.0,1.0,9.0,10.0,36.0,259.0,0.0,0.0,0.0,22.008782435129746,41221,0,0,0,57,WEBER
296,570296,640.0,1624.6022089444143,2.538440951475647,53.0,0.0,0.0,53.0,76.00918163672655,0.0,0.0,0.0,0.0,0.0,47.0,6.0,0.0,0.0,0.0,0.0,23.00918163672655,52568,0,863,0,57,WEBER
297,570297,785.0,1871.804454101032,2.384464272740168,1704.0,461.0,4.0,1239.0,1847.9974400795757,291.0,170.0,1.0,3.0,197.0,25.0,76.0,941.0,0.0,0.0,115.986262434865,28.01117764471058,55590,0,0,0,57,WEBER
298,570298,433.0,1051.749773673728,2.428983311024776,814.0,305.0,2.0,507.0,831.0071203633788,292.0,13.0,0.0,2.0,6.0,44.0,184.0,273.0,1.000733137829912,0.0,0.0,16.006387225548902,70947,0,0,0,57,WEBER
299,570299,536.0,1344.5612891544451,2.5085098678254574,37.0,0.0,6.0,31.0,56.00758483033932,0.0,0.0,0.0,6.0,2.0,3.0,1.0,25.0,0.0,0.0,0.0,19.00758483033932,69638,0,0,0,57,WEBER
300,570300,501.0,1231.450298750679,2.4579846282448683,1.0,0.0,0.0,1.0,19.007185628742516,0.0,0.0,0.0,0.0,0.0,1.0,0.0,0.0,0.0,0.0,0.0,18.007185628742516,48391,0,0,0,57,WEBER
301,570301,347.0,875.697990222705,2.523625332053905,4.0,0.0,0.0,4.0,16.004790419161676,0.0,0.0,0.0,0.0,0.0,4.0,0.0,0.0,0.0,0.0,0.0,12.004790419161676,55036,377,0,0,57,WEBER
302,570302,910.0,2202.927756653992,2.4207997325868047,1153.0,226.0,9.0,918.0,1370.99126460485,157.0,69.0,5.0,4.0,6.0,39.0,239.0,634.0,0.0,0.0,184.97809095215538,33.01317365269461,51324,0,0,0,57,WEBER
303,570303,37.0,93.04291146116242,2.5146732827341194,3726.0,231.0,1042.0,2453.0,3731.0033317529164,95.0,136.0,792.0,250.0,379.0,962.0,47.0,1065.0,4.002932551319648,0.0,0.0,1.0003992015968064,62747,0,147,245,57,WEBER
304,570304,204.0,501.70197356509146,2.45932339982888,1384.0,678.0,135.0,571.0,1391.0027944111775,429.0,249.0,9.0,126.0,22.0,180.0,10.0,359.0,0.0,0.0,0.0,7.002794411177645,51279,0,0,0,57,WEBER
305,570305,1061.0,2683.649465869998,2.5293585917719112,615.0,92.0,52.0,471.0,653.0151696606787,58.0,34.0,13.0,39.0,25.0,114.0,0.0,332.0,0.0,0.0,0.0,38.01516966067864,51279,0,0,0,57,WEBER
306,570306,173.0,416.86873076226686,2.409645842556456,3612.0,404.0,2375.0,833.0,3624.001684645867,291.0,113.0,2136.0,239.0,40.0,234.0,78.0,481.0,0.0,0.0,5.99928943628612,6.002395209580838,24635,0,0,0,57,WEBER
307,570307,799.0,1887.3116060112256,2.3620921226673666,1441.0,704.0,27.0,710.0,1602.9958260173164,288.0,416.0,12.0,15.0,95.0,133.0,74.0,408.0,0.0,0.0,132.984249171009,29.011576846307385,24635,0,10,29,57,WEBER
308,570308,633.0,1542.5055223610357,2.4368175708705144,351.0,126.0,36.0,189.0,374.00918163672657,63.0,63.0,15.0,21.0,19.0,25.0,7.0,138.0,0.0,0.0,0.0,23.00918163672655,37824,0,0,0,57,WEBER
309,570309,406.0,931.3413000181062,2.293944088714547,408.0,187.0,13.0,208.0,423.0059880239521,95.0,92.0,13.0,0.0,6.0,36.0,7.0,159.0,0.0,0.0,0.0,15.005988023952096,26622,0,0,0,57,WEBER
310,570310,284.0,661.3344196994387,2.328642322885348,66.0,2.0,0.0,64.0,76.00399201596807,0.0,2.0,0.0,0.0,0.0,0.0,64.0,0.0,0.0,0.0,0.0,10.003992015968064,38540,0,0,0,57,WEBER
311,570311,458.0,1047.1888466413182,2.286438529784537,216.0,31.0,7.0,178.0,256.0035449706934,3.0,28.0,3.0,4.0,0.0,107.0,48.0,23.0,0.0,0.0,23.99715774514448,16.006387225548902,44917,0,733,0,57,WEBER
312,570312,980.0,2230.293318848452,2.275809509029033,413.0,242.0,2.0,169.0,448.01397205588825,242.0,0.0,1.0,1.0,4.0,22.0,1.0,142.0,0.0,0.0,0.0,35.013972055888225,44917,0,0,0,57,WEBER
313,570313,1.0,1.0,1.0,309.0,0.0,179.0,130.0,310.0007331378299,0.0,0.0,11.0,168.0,0.0,75.0,0.0,55.0,1.000733137829912,0.0,0.0,0.0,22791,0,0,0,57,WEBER
314,570314,7.0,14.59496650371175,2.0849952148159643,1008.0,0.0,353.0,655.0,1008.0,0.0,0.0,218.0,135.0,25.0,45.0,0.0,585.0,0.0,0.0,0.0,0.0,22791,0,0,0,57,WEBER
315,570315,1291.0,2948.183233749773,2.2836430935319703,530.0,5.0,181.0,344.0,809.9906512886118,4.0,1.0,142.0,39.0,10.0,16.0,14.0,304.0,0.0,0.0,233.9722880151587,46.0183632734531,22791,0,0,0,57,WEBER
316,570316,8.0,17.331522723157704,2.166440340394713,120.0,11.0,23.0,86.0,120.0,11.0,0.0,23.0,0.0,3.0,27.0,0.0,56.0,0.0,0.0,0.0,0.0,22313,0,0,0,57,WEBER
317,570317,0.0,0.0,0.0,58.0,3.0,29.0,26.0,58.0,3.0,0.0,2.0,27.0,2.0,3.0,0.0,21.0,0.0,0.0,0.0,0.0,22313,0,0,0,57,WEBER
318,570318,1060.0,2461.076226688394,2.32177002517773,1313.0,525.0,9.0,779.0,1351.0151696606786,488.0,37.0,4.0,5.0,33.0,129.0,31.0,586.0,0.0,0.0,0.0,38.01516966067864,22313,0,0,0,57,WEBER
319,570319,1272.0,2889.8033677349267,2.2718579935023007,4140.0,576.0,8.0,3556.0,5576.853630919119,259.0,317.0,8.0,0.0,1766.0,101.0,163.0,1526.0,0.0,0.0,1390.8352676456657,46.0183632734531,22313,0,0,0,57,WEBER
320,570320,1502.0,3707.121491942785,2.4681234966330123,987.0,133.0,18.0,836.0,1224.9997662656685,125.0,8.0,5.0,13.0,58.0,14.0,108.0,656.0,0.0,0.0,183.97820937944104,54.02155688622754,22313,0,0,0,57,WEBER
321,570321,854.0,2061.539018649285,2.413980115514385,151.0,34.0,0.0,117.0,2396.7500588117937,18.0,16.0,0.0,0.0,31.0,14.0,2.0,70.0,0.0,0.0,2214.7376835622927,31.012375249501,22313,0,0,0,57,WEBER
322,570322,524.0,1085.5006337135617,2.071566094873209,1128.0,198.0,0.0,930.0,1147.0075848303393,161.0,37.0,0.0,0.0,128.0,425.0,0.0,377.0,0.0,0.0,0.0,19.00758483033932,22313,596,255,255,57,WEBER
323,570323,501.0,1086.4128191200434,2.1684886609182503,14.0,2.0,0.0,12.0,32.00718562874252,0.0,2.0,0.0,0.0,2.0,2.0,0.0,8.0,0.0,0.0,0.0,18.007185628742516,22313,0,0,0,57,WEBER
324,570324,514.0,1176.71917436176,2.2893369151007006,510.0,66.0,1.0,443.0,3134.698445695062,27.0,39.0,0.0,1.0,56.0,7.0,61.0,319.0,0.0,0.0,2606.6912600663195,18.007185628742516,26366,0,0,0,57,WEBER
325,570325,619.0,1427.5701611443055,2.306252279716164,415.0,9.0,4.0,402.0,437.0087824351298,0.0,9.0,3.0,1.0,34.0,28.0,2.0,338.0,0.0,0.0,0.0,22.008782435129746,22313,0,0,0,57,WEBER
326,570326,1135.0,2600.6405938801377,2.2913132985728084,646.0,11.0,27.0,608.0,687.0163672654691,9.0,2.0,21.0,6.0,55.0,25.0,11.0,517.0,0.0,0.0,0.0,41.01636726546906,22313,764,327,0,57,WEBER
327,570327,613.0,1448.5504254933912,2.363051265078941,1955.0,166.0,19.0,1770.0,1977.0087824351297,41.0,125.0,19.0,0.0,650.0,231.0,79.0,810.0,0.0,0.0,0.0,22.008782435129746,22313,0,0,0,57,WEBER
328,570328,788.0,1744.0984971935543,2.213322965981668,604.0,38.0,2.0,564.0,801.9910450061506,13.0,25.0,2.0,0.0,176.0,196.0,67.0,125.0,0.0,0.0,169.97986736144009,28.01117764471058,17092,0,0,0,57,WEBER
329,570329,1051.0,2490.2661596958174,2.369425461175849,1571.0,292.0,27.0,1252.0,2144.9516926355723,13.0,279.0,12.0,15.0,271.0,37.0,752.0,192.0,0.0,0.0,535.9365229748935,38.01516966067864,22313,0,0,0,57,WEBER
330,570330,996.0,2418.2035125837406,2.427915173276848,884.0,164.0,9.0,711.0,920.014371257485,7.0,157.0,8.0,1.0,380.0,73.0,175.0,83.0,0.0,0.0,0.0,36.01437125748503,22313,0,0,0,57,WEBER
331,570331,514.0,1173.982618142314,2.2840128757632567,4103.0,97.0,4.0,4002.0,4121.007185628742,3.0,94.0,4.0,0.0,662.0,3204.0,42.0,94.0,0.0,0.0,0.0,18.007185628742516,22313,0,0,0,57,WEBER
332,570332,1003.0,2234.854245880862,2.228169736670849,1700.0,169.0,2.0,1529.0,2054.9765929533637,9.0,160.0,2.0,0.0,746.0,490.0,72.0,221.0,0.0,0.0,318.9622216958787,36.01437125748503,22313,0,0,0,57,WEBER
333,570333,1222.0,2921.729856961796,2.3909409631438594,168.0,20.0,16.0,132.0,2555.739971312704,2.0,18.0,8.0,8.0,34.0,2.0,49.0,47.0,0.0,0.0,2343.7224064424445,44.01756487025949,24484,0,0,0,57,WEBER
334,570334,740.0,1689.3673728046351,2.282928882168426,279.0,0.0,0.0,279.0,306.0107784431138,0.0,0.0,0.0,0.0,16.0,236.0,3.0,24.0,0.0,0.0,0.0,27.01077844311377,23898,0,0,0,57,WEBER
335,570335,1269.0,2883.418069889553,2.2721970605906643,370.0,31.0,1.0,338.0,416.0183632734531,3.0,28.0,1.0,0.0,186.0,4.0,11.0,137.0,0.0,0.0,0.0,46.0183632734531,19560,0,0,0,57,WEBER
336,570336,1181.0,2763.921781640413,2.3403232698056,176.0,8.0,1.0,167.0,218.01676646706588,5.0,3.0,0.0,1.0,19.0,12.0,0.0,136.0,0.0,0.0,0.0,42.01676646706587,16881,0,0,0,57,WEBER
337,570337,1206.0,2749.326815136701,2.2797071435627703,5161.0,561.0,86.0,4514.0,5204.0171656686625,3.0,558.0,85.0,1.0,593.0,478.0,1826.0,1617.0,0.0,0.0,0.0,43.01716566866268,26958,0,0,0,57,WEBER
338,570338,314.0,642.1785261633171,2.045154541921392,381.0,1.0,13.0,367.0,404.0029700901371,1.0,0.0,11.0,2.0,68.0,164.0,32.0,103.0,0.0,0.0,11.99857887257224,11.004391217564873,26958,347,0,0,57,WEBER
339,570339,713.0,1432.1310881767156,2.0085990016503725,297.0,3.0,4.0,290.0,323.01037924151694,1.0,2.0,2.0,2.0,45.0,16.0,118.0,111.0,0.0,0.0,0.0,26.010379241516965,15084,0,0,0,57,WEBER
340,570340,1036.0,2310.5656346188666,2.23027570909157,728.0,27.0,1.0,700.0,765.0147704590819,2.0,25.0,1.0,0.0,503.0,58.0,73.0,66.0,0.0,0.0,0.0,37.01477045908184,14752,573,0,0,57,WEBER
341,570341,245.0,564.6427666123484,2.3046643535197893,316.0,0.0,0.0,316.0,1129.908258849426,0.0,0.0,0.0,0.0,1.0,311.0,4.0,0.0,0.0,0.0,804.9046660350544,9.003592814371258,37610,7,99,99,57,WEBER
342,570342,481.0,1076.3787796487416,2.237793720683454,33.0,4.0,0.0,29.0,50.00678642714571,4.0,0.0,0.0,0.0,5.0,17.0,0.0,7.0,0.0,0.0,0.0,17.00678642714571,37610,0,0,0,57,WEBER
343,570343,735.0,1617.3047256925583,2.200414592778991,38.0,5.0,0.0,33.0,79.00860283223227,5.0,0.0,0.0,0.0,10.0,3.0,3.0,17.0,0.0,0.0,14.998223590715302,26.010379241516965,24960,0,0,0,57,WEBER
344,570344,509.0,1149.3536121673003,2.2580621064190574,504.0,24.0,23.0,457.0,522.0071856287425,22.0,2.0,23.0,0.0,68.0,204.0,10.0,175.0,0.0,0.0,0.0,18.007185628742516,40147,0,0,0,57,WEBER
345,570345,2.0,3.0,1.5,218.0,88.0,0.0,130.0,218.0,18.0,70.0,0.0,0.0,0.0,23.0,4.0,103.0,0.0,0.0,0.0,0.0,33160,0,0,0,57,WEBER
346,570346,575.0,1285.269237733116,2.2352508482315065,579.0,194.0,8.0,377.0,600.008383233533,121.0,73.0,8.0,0.0,79.0,99.0,2.0,197.0,0.0,0.0,0.0,21.008383233532932,33160,438,0,0,57,WEBER
347,570347,244.0,545.4868730762267,2.2356019388369948,0.0,0.0,0.0,0.0,17.002645396086084,0.0,0.0,0.0,0.0,0.0,0.0,0.0,0.0,0.0,0.0,7.999052581714827,9.003592814371258,46658,0,0,0,57,WEBER
348,570348,392.0,804.5475285171103,2.0524171645844653,31.0,20.0,1.0,10.0,73.00227285835719,20.0,0.0,1.0,0.0,7.0,0.0,1.0,2.0,0.0,0.0,27.996684036001895,14.00558882235529,48432,0,0,0,57,WEBER
349,570349,168.0,360.3132355603839,2.1447216402403804,0.0,0.0,0.0,0.0,6.002395209580838,0.0,0.0,0.0,0.0,0.0,0.0,0.0,0.0,0.0,0.0,0.0,6.002395209580838,46658,0,0,0,57,WEBER
350,570350,480.0,1211.3822198080754,2.5237129579334905,1084.0,71.0,767.0,246.0,1101.0067864271457,63.0,8.0,308.0,459.0,20.0,54.0,11.0,161.0,0.0,0.0,0.0,17.00678642714571,25616,0,0,0,57,WEBER
351,570351,3609.0,8747.85804816223,2.4239008168917238,1958.0,69.0,130.0,1759.0,2489.0044068660404,52.0,17.0,61.0,69.0,384.0,22.0,761.0,592.0,0.0,0.0,400.9525106584557,130.05189620758483,25616,0,0,0,57,WEBER
352,570352,1751.0,4209.735650914358,2.404189406575876,817.0,92.0,12.0,713.0,880.0251497005988,33.0,59.0,1.0,11.0,265.0,5.0,175.0,268.0,0.0,0.0,0.0,63.0251497005988,16723,0,0,0,57,WEBER
353,570353,581.0,1503.2815498823104,2.587403700313787,895.0,120.0,17.0,758.0,916.008383233533,80.0,40.0,0.0,17.0,207.0,15.0,112.0,424.0,0.0,0.0,0.0,21.008383233532932,16723,0,0,0,57,WEBER
354,570354,720.0,1602.7097591888466,2.225985776651176,170.0,1.0,4.0,165.0,196.01037924151697,1.0,0.0,3.0,1.0,27.0,7.0,85.0,46.0,0.0,0.0,0.0,26.010379241516965,20503,0,0,0,57,WEBER
355,570355,555.0,1242.3965236284628,2.238552294826059,126.0,107.0,1.0,18.0,146.00798403193613,102.0,5.0,1.0,0.0,2.0,2.0,1.0,13.0,0.0,0.0,0.0,20.00798403193613,35099,0,0,0,57,WEBER
356,570356,439.0,1143.8804997284085,2.6056503410669896,19.0,7.0,1.0,11.0,35.006387225548906,6.0,1.0,1.0,0.0,1.0,0.0,3.0,7.0,0.0,0.0,0.0,16.006387225548902,28107,0,0,0,57,WEBER
357,570357,421.0,1121.0758645663589,2.662888039350021,97.0,5.0,0.0,92.0,112.0059880239521,4.0,1.0,0.0,0.0,5.0,2.0,18.0,67.0,0.0,0.0,0.0,15.005988023952096,31963,285,84,0,57,WEBER
358,570358,395.0,994.282093065363,2.5171698558616784,391.0,101.0,5.0,285.0,499.99433823021883,65.0,36.0,2.0,3.0,43.0,35.0,172.0,35.0,0.0,0.0,94.98874940786358,14.00558882235529,28998,0,0,0,57,WEBER
359,570359,374.0,824.6156074597139,2.2048545654003044,41.0,2.0,0.0,39.0,54.005189620758486,0.0,2.0,0.0,0.0,0.0,0.0,21.0,18.0,0.0,0.0,0.0,13.005189620758484,40152,0,0,0,57,WEBER
360,570360,208.0,460.6536302734021,2.214680914775972,0.0,0.0,0.0,0.0,7.002794411177645,0.0,0.0,0.0,0.0,0.0,0.0,0.0,0.0,0.0,0.0,0.0,7.002794411177645,58565,0,45,125,57,WEBER
361,570361,520.0,1203.1725511497375,2.313793367595649,117.0,16.0,6.0,95.0,136.0075848303393,0.0,16.0,0.0,6.0,17.0,43.0,7.0,28.0,0.0,0.0,0.0,19.00758483033932,58743,324,0,1310,57,WEBER
362,570362,247.0,586.535216367916,2.37463650351383,0.0,0.0,0.0,0.0,9.003592814371258,0.0,0.0,0.0,0.0,0.0,0.0,0.0,0.0,0.0,0.0,0.0,9.003592814371258,58841,0,0,0,57,WEBER
363,570363,123.0,301.02118413905487,2.4473267003175194,474.0,68.0,142.0,264.0,508.99792556053217,66.0,2.0,8.0,134.0,3.0,6.0,16.0,239.0,0.0,0.0,30.996328754144955,4.001596806387226,24658,0,0,0,57,WEBER
364,570364,646.0,1475.9159876878507,2.284699671343422,5736.0,2320.0,93.0,3323.0,5759.009181636727,1186.0,1134.0,48.0,45.0,475.0,872.0,402.0,1574.0,0.0,0.0,0.0,23.00918163672655,67028,0,0,0,57,WEBER
365,570365,360.0,898.5026253847547,2.495840626068763,717.0,63.0,59.0,595.0,800.9967812834776,61.0,2.0,7.0,52.0,6.0,10.0,151.0,428.0,0.0,0.0,70.99159166271909,13.005189620758484,23624,0,0,0,57,WEBER
366,570366,267.0,701.470577584646,2.62723062765785,1123.0,163.0,10.0,950.0,1133.0039920159682,132.0,31.0,6.0,4.0,43.0,53.0,54.0,800.0,0.0,0.0,0.0,10.003992015968064,27995,0,0,0,57,WEBER
367,570367,280.0,600.2179974651458,2.143635705232664,851.0,136.0,123.0,592.0,861.003992015968,129.0,7.0,78.0,45.0,38.0,97.0,63.0,394.0,0.0,0.0,0.0,10.003992015968064,23624,0,0,0,57,WEBER
368,570368,353.0,857.4542820930653,2.4290489577707235,692.0,142.0,13.0,537.0,721.0032947841881,117.0,25.0,6.0,7.0,38.0,22.0,100.0,377.0,0.0,0.0,15.998105163429654,13.005189620758484,23624,0,0,0,57,WEBER
369,570369,239.0,588.35958718088,2.4617555948990795,1125.0,114.0,9.0,1002.0,1188.9970793136608,74.0,40.0,7.0,2.0,106.0,69.0,44.0,783.0,0.0,0.0,54.99348649928944,9.003592814371258,27995,0,0,0,57,WEBER
370,570370,408.0,1113.778381314503,2.729848973810056,59.0,0.0,0.0,59.0,74.0059880239521,0.0,0.0,0.0,0.0,0.0,0.0,0.0,59.0,0.0,0.0,0.0,15.005988023952096,36988,0,0,0,57,WEBER
371,570371,443.0,1233.2746695636429,2.783915732649307,47.0,0.0,0.0,47.0,63.006387225548906,0.0,0.0,0.0,0.0,0.0,28.0,0.0,19.0,0.0,0.0,0.0,16.006387225548902,34340,0,0,0,57,WEBER
372,570372,207.0,578.3255477095781,2.793843225650136,0.0,0.0,0.0,0.0,7.002794411177645,0.0,0.0,0.0,0.0,0.0,0.0,0.0,0.0,0.0,0.0,0.0,7.002794411177645,36988,1140,0,0,57,WEBER
373,570373,919.0,2107.148288973384,2.2928708258687527,433.0,34.0,2.0,397.0,510.0079628521262,4.0,30.0,2.0,0.0,10.0,5.0,335.0,47.0,0.0,0.0,43.99478919943155,33.01317365269461,40767,0,0,0,57,WEBER
374,570374,465.0,1015.2623574144486,2.183359908418169,0.0,0.0,0.0,0.0,17.00678642714571,0.0,0.0,0.0,0.0,0.0,0.0,0.0,0.0,0.0,0.0,0.0,17.00678642714571,24196,0,0,0,57,WEBER
375,570375,126.0,255.41191381495565,2.027078681071077,12.0,0.0,1.0,11.0,17.001996007984033,0.0,0.0,0.0,1.0,2.0,3.0,0.0,6.0,0.0,0.0,0.0,5.001996007984032,66628,0,0,0,57,WEBER
376,570376,399.0,911.2732210755024,2.283892784650382,329.0,6.0,0.0,323.0,343.00558882235526,4.0,2.0,0.0,0.0,8.0,92.0,197.0,26.0,0.0,0.0,0.0,14.00558882235529,66628,385,893,0,57,WEBER
377,570377,726.0,1692.103929024081,2.3307216653224256,1913.0,594.0,3.0,1316.0,1939.010379241517,384.0,210.0,1.0,2.0,131.0,58.0,228.0,899.0,0.0,0.0,0.0,26.010379241516965,33258,0,0,0,57,WEBER
378,570378,388.0,1036.2426217635343,2.670728406607047,161.0,32.0,0.0,129.0,209.00156229464332,8.0,24.0,0.0,0.0,21.0,23.0,14.0,71.0,0.0,0.0,33.995973472288014,14.00558882235529,32297,0,0,0,57,WEBER
379,570379,267.0,673.1928299837045,2.521321460613126,467.0,68.0,3.0,396.0,502.00103133382686,36.0,32.0,3.0,0.0,35.0,12.0,167.0,182.0,0.0,0.0,24.997039317858835,10.003992015968064,32881,107,0,0,57,WEBER
380,570380,414.0,1060.871627738548,2.5624918544409367,22.0,7.0,0.0,15.0,37.0059880239521,1.0,6.0,0.0,0.0,0.0,0.0,15.0,0.0,0.0,0.0,0.0,15.005988023952096,44103,0,0,0,57,WEBER
381,570381,245.0,544.5746876697447,2.2227538272234475,241.0,17.0,0.0,224.0,250.00359281437125,4.0,13.0,0.0,0.0,85.0,21.0,51.0,67.0,0.0,0.0,0.0,9.003592814371258,43158,0,0,0,57,WEBER
382,570382,511.0,1195.8750678978815,2.3402643207394944,2365.0,44.0,11.0,2310.0,2422.0025669646025,8.0,36.0,3.0,8.0,290.0,220.0,817.0,983.0,0.0,0.0,38.99538133585978,18.007185628742516,44605,13,4,2,57,WEBER
383,570383,233.0,516.2969400688032,2.2158666955742627,3331.0,116.0,33.0,3182.0,3339.0031936127743,15.0,101.0,1.0,32.0,10.0,2815.0,282.0,75.0,0.0,0.0,0.0,8.003193612774451,94525,36,0,0,57,WEBER
384,570384,215.0,474.3364113706319,2.2062158668401484,405.0,112.0,22.0,271.0,413.00319361277445,17.0,95.0,4.0,18.0,14.0,47.0,106.0,104.0,0.0,0.0,0.0,8.003193612774451,58069,0,0,0,57,WEBER
385,570385,270.0,644.002896976281,2.3851959147269666,4.0,4.0,0.0,0.0,14.003992015968064,0.0,4.0,0.0,0.0,0.0,0.0,0.0,0.0,0.0,0.0,0.0,10.003992015968064,69953,0,0,0,57,WEBER
386,570386,1043.0,2441.920333152272,2.3412467240194363,122.0,1.0,29.0,92.0,188.01133606779808,1.0,0.0,26.0,3.0,4.0,76.0,0.0,12.0,0.0,0.0,28.99656560871625,37.01477045908184,58467,511,226,226,57,WEBER
387,570387,654.0,1521.52525801195,2.3264912202017585,157.0,55.0,1.0,101.0,208.00586567272845,50.0,5.0,0.0,1.0,7.0,13.0,46.0,35.0,0.0,0.0,27.996684036001895,23.00918163672655,67028,0,0,0,57,WEBER
388,570388,817.0,2092.5533224696724,2.5612647765846663,1112.0,878.0,2.0,232.0,1183.0066029003103,715.0,163.0,2.0,0.0,32.0,61.0,1.0,138.0,0.0,0.0,41.99502605400284,29.011576846307385,44261,0,0,0,57,WEBER
389,570389,392.0,945.936266521818,2.413102720718923,1613.0,823.0,25.0,765.0,1627.0055888223553,461.0,362.0,25.0,0.0,57.0,88.0,155.0,465.0,0.0,0.0,0.0,14.00558882235529,32702,0,0,0,57,WEBER
390,570390,154.0,440.58555133079847,2.860945138511678,59.0,0.0,0.0,59.0,65.00239520958084,0.0,0.0,0.0,0.0,1.0,0.0,0.0,58.0,0.0,0.0,0.0,6.002395209580838,33258,318,0,0,57,WEBER
391,570391,18.0,44.69708491761724,2.483171384312069,64.0,0.0,0.0,64.0,65.0003992015968,0.0,0.0,0.0,0.0,0.0,2.0,0.0,62.0,0.0,0.0,0.0,1.0003992015968064,55738,0,0,0,57,WEBER
392,570392,423.0,1106.4808980626472,2.615794085254485,204.0,19.0,3.0,182.0,219.00598802395209,18.0,1.0,2.0,1.0,4.0,63.0,17.0,98.0,0.0,0.0,0.0,15.005988023952096,47371,0,0,0,57,WEBER
393,570393,561.0,1532.4714828897338,2.731678222619846,70.0,2.0,0.0,68.0,90.00798403193613,2.0,0.0,0.0,0.0,1.0,44.0,9.0,14.0,0.0,0.0,0.0,20.00798403193613,55738,560,0,0,57,WEBER
394,570394,617.0,1468.618504435995,2.3802568953581766,465.0,44.0,3.0,418.0,536.0029794981331,27.0,17.0,3.0,0.0,13.0,29.0,285.0,91.0,0.0,0.0,48.99419706300332,22.008782435129746,50311,333,838,0,57,WEBER
395,570395,394.0,1007.9648741625928,2.5582864826461744,245.0,1.0,2.0,242.0,274.0038124130706,1.0,0.0,2.0,0.0,131.0,16.0,61.0,34.0,0.0,0.0,14.998223590715302,14.00558882235529,70100,0,0,0,57,WEBER
396,570396,589.0,1536.1202245156617,2.608013963524044,234.0,4.0,5.0,225.0,255.00838323353292,0.0,4.0,0.0,5.0,4.0,44.0,157.0,20.0,0.0,0.0,0.0,21.008383233532932,63592,0,0,0,57,WEBER
397,570397,162.0,355.7523085279739,2.196001904493666,4387.0,220.0,0.0,4167.0,4393.002395209581,163.0,57.0,0.0,0.0,103.0,47.0,3720.0,297.0,0.0,0.0,0.0,6.002395209580838,58069,0,4,3,57,WEBER
398,570398,191.0,459.7414448669202,2.407023271554556,420.0,53.0,0.0,367.0,469.99770203789484,1.0,52.0,0.0,0.0,41.0,2.0,19.0,305.0,0.0,0.0,42.99490762671719,7.002794411177645,63046,0,0,0,57,WEBER
399,570399,0.0,0.0,0.0,1786.0,0.0,0.0,1786.0,1786.0,0.0,0.0,0.0,0.0,0.0,1786.0,0.0,0.0,0.0,0.0,0.0,0.0,40940,0,0,0,57,WEBER
400,570400,981.0,2411.818214738367,2.458530290253177,1686.0,25.0,78.0,1583.0,1721.0139720558882,5.0,20.0,0.0,78.0,27.0,16.0,83.0,1457.0,0.0,0.0,0.0,35.013972055888225,40940,0,0,0,57,WEBER
401,570401,1019.0,2351.613977910556,2.3077664160064337,771.0,167.0,11.0,593.0,814.0191692860614,166.0,1.0,0.0,11.0,104.0,223.0,147.0,119.0,6.004398826979472,0.0,0.0,37.01477045908184,40940,492,0,0,57,WEBER
402,570402,0.0,0.0,0.0,0.0,0.0,0.0,0.0,0.0,0.0,0.0,0.0,0.0,0.0,0.0,0.0,0.0,0.0,0.0,0.0,0.0,40940,0,0,0,57,WEBER
403,570403,1655.0,4082.941879413362,2.4670343682255966,2074.0,1452.0,26.0,596.0,2133.0235528942117,1164.0,288.0,15.0,11.0,18.0,195.0,21.0,362.0,0.0,0.0,0.0,59.023552894211576,32702,0,0,0,57,WEBER
404,570404,1172.0,2483.880861850444,2.11935227120345,129.0,43.0,5.0,81.0,174.0189658805556,36.0,7.0,1.0,4.0,8.0,15.0,3.0,55.0,3.002199413489736,0.0,0.0,42.01676646706587,32112,0,0,0,57,WEBER
405,570405,846.0,1964.8473655621945,2.322514616503776,48.0,0.0,0.0,48.0,78.0119760479042,0.0,0.0,0.0,0.0,1.0,39.0,3.0,5.0,0.0,0.0,0.0,30.01197604790419,21723,0,0,1368,57,WEBER
406,570406,422.0,1038.0669925764985,2.459874389991702,10.0,0.0,0.0,10.0,25.005988023952096,0.0,0.0,0.0,0.0,1.0,0.0,4.0,5.0,0.0,0.0,0.0,15.005988023952096,39220,0,0,0,57,WEBER
407,570407,431.0,1058.135071519102,2.455069771506037,166.0,0.0,0.0,166.0,181.00598802395209,0.0,0.0,0.0,0.0,7.0,157.0,0.0,2.0,0.0,0.0,0.0,15.005988023952096,51266,508,655,0,57,WEBER
408,570408,318.0,727.9239543726236,2.2890690389076216,779.0,30.0,0.0,749.0,799.003325371994,29.0,1.0,0.0,0.0,55.0,33.0,461.0,200.0,0.0,0.0,8.99893415442918,11.004391217564873,34074,0,0,0,57,WEBER
409,570409,303.0,737.0458084374434,2.432494417285292,41.0,0.0,0.0,41.0,52.00439121756487,0.0,0.0,0.0,0.0,27.0,3.0,7.0,4.0,0.0,0.0,0.0,11.004391217564873,73054,0,0,0,57,WEBER
410,570410,8.0,12.0,1.5,1056.0,9.0,0.0,1047.0,1057.00073313783,6.0,3.0,0.0,0.0,21.0,2.0,948.0,76.0,1.000733137829912,0.0,0.0,0.0,73054,0,0,0,57,WEBER
411,570411,274.0,600.2179974651458,2.190576633084474,1089.0,0.0,0.0,1089.0,1099.0039920159682,0.0,0.0,0.0,0.0,6.0,467.0,580.0,36.0,0.0,0.0,0.0,10.003992015968064,51734,490,0,0,57,WEBER
412,570412,1350.0,3040.313959804454,2.252084414669966,486.0,18.0,8.0,460.0,676.0242936414561,0.0,18.0,0.0,8.0,2.0,144.0,307.0,7.0,7.005131964809384,135.0,0.0,48.0191616766467,53935,0,0,0,57,WEBER
413,570413,1161.0,2576.923773311606,2.219572586831702,1467.0,223.0,0.0,1244.0,1527.0146347759244,94.0,129.0,0.0,0.0,77.0,45.0,739.0,383.0,0.0,0.0,17.99786830885836,42.01676646706587,53995,0,0,0,57,WEBER
414,570414,404.0,897.5904399782727,2.221758514797705,578.0,147.0,16.0,415.0,679.002615798311,90.0,57.0,11.0,5.0,193.0,44.0,27.0,151.0,8.005865102639296,0.0,77.99076267171957,15.005988023952096,60016,0,0,0,57,WEBER
415,570415,1170.0,2960.953829440521,2.5307297687525825,506.0,31.0,71.0,404.0,555.0159374760664,17.0,14.0,71.0,0.0,30.0,17.0,210.0,147.0,0.0,0.0,6.999171009000474,42.01676646706587,82280,0,0,0,57,WEBER
416,570416,335.0,837.3862031504617,2.499660307911826,995.0,156.0,0.0,839.0,1007.0047904191616,91.0,65.0,0.0,0.0,72.0,37.0,390.0,340.0,0.0,0.0,0.0,12.004790419161676,71957,0,0,0,57,WEBER
417,570417,1594.0,4029.122940430925,2.5276806401699656,836.0,168.0,4.0,664.0,1162.991630689009,8.0,160.0,4.0,0.0,10.0,45.0,472.0,137.0,1.000733137829912,0.0,268.9681430601611,57.02275449101796,79794,578,0,0,57,WEBER
418,570418,1553.0,3692.526525439073,2.377673229516467,1424.0,73.0,22.0,1329.0,1480.022355289421,38.0,35.0,1.0,21.0,145.0,130.0,343.0,711.0,0.0,0.0,0.0,56.02235528942116,46989,20,0,0,57,WEBER
419,570419,376.0,955.9703059931196,2.542474218066808,71.0,0.0,1.0,70.0,84.00518962075849,0.0,0.0,0.0,1.0,3.0,29.0,35.0,3.0,0.0,0.0,0.0,13.005189620758484,113921,720,0,0,57,WEBER
420,570420,288.0,719.7142857142857,2.4990079365079363,382.0,64.0,60.0,258.0,414.0013866156838,15.0,49.0,39.0,21.0,68.0,10.0,13.0,167.0,0.0,0.0,21.997394599715776,10.003992015968064,71463,0,0,0,57,WEBER
421,570421,0.0,0.0,0.0,0.0,0.0,0.0,0.0,0.0,0.0,0.0,0.0,0.0,0.0,0.0,0.0,0.0,0.0,0.0,0.0,0.0,0,0,0,0,0,external
422,570422,0.0,0.0,0.0,0.0,0.0,0.0,0.0,0.0,0.0,0.0,0.0,0.0,0.0,0.0,0.0,0.0,0.0,0.0,0.0,0.0,0,0,0,0,0,external
423,570423,0.0,0.0,0.0,0.0,0.0,0.0,0.0,0.0,0.0,0.0,0.0,0.0,0.0,0.0,0.0,0.0,0.0,0.0,0.0,0.0,0,0,0,0,0,external
424,110424,1043.0,3005.301416965804,2.881401166793676,0.0,0.0,0.0,0.0,503.230674136749,0.0,0.0,0.0,0.0,0.0,0.0,0.0,0.0,117.26292134831462,0.0,341.9517953416259,44.015957446808514,84752,0,0,0,11,DAVIS
425,110425,73.0,202.1942565652749,2.7697843365106154,0.0,0.0,0.0,0.0,35.0729981200965,0.0,0.0,0.0,0.0,0.0,0.0,0.0,0.0,32.071910112359554,0.0,0.0,3.001088007736944,84752,0,0,0,11,DAVIS
426,110426,1244.0,3366.9351974305687,2.706539547773769,545.0,312.0,40.0,193.0,681.1293178342007,310.0,2.0,35.0,5.0,55.0,30.0,55.0,53.0,51.11460674157304,0.0,31.995489622608268,53.01922147001935,84752,0,0,0,11,DAVIS
427,110427,1515.0,4414.4261477423015,2.9138126387737966,118.0,6.0,8.0,104.0,216.0996153261035,3.0,3.0,0.0,8.0,26.0,6.0,27.0,45.0,34.076404494382025,0.0,0.0,64.02321083172147,84752,0,0,0,11,DAVIS
428,110428,1070.0,3102.3902890610243,2.899430176692546,261.0,183.0,4.0,74.0,794.0005795660735,171.0,12.0,3.0,1.0,5.0,13.0,4.0,52.0,22.04943820224719,0.0,464.9344585785264,46.01668278529981,60789,0,0,0,11,DAVIS
429,110429,493.0,1397.5453240128472,2.834777533494619,10.0,0.0,4.0,6.0,118.0263992895863,0.0,0.0,0.0,4.0,0.0,0.0,0.0,6.0,13.02921348314607,0.0,73.98956975228162,21.007616054158607,60789,0,0,0,11,DAVIS
430,110430,558.0,1597.0674097865106,2.8621279745277968,100.0,93.0,0.0,7.0,164.0747102992977,92.0,1.0,0.0,0.0,0.0,1.0,1.0,5.0,30.06741573033708,0.0,9.998590507065083,24.00870406189555,60789,0,0,0,11,DAVIS
431,110431,480.0,1404.671112790478,2.926398151646829,0.0,0.0,0.0,0.0,196.0134921332199,0.0,0.0,0.0,0.0,0.0,0.0,0.0,0.0,13.02921348314607,0.0,162.97702526516088,20.00725338491296,60789,0,0,0,11,DAVIS
432,110432,313.0,926.3525410920084,2.9595927830415603,599.0,136.0,292.0,171.0,634.0207189381744,71.0,65.0,268.0,24.0,26.0,45.0,8.0,92.0,8.017977528089888,0.0,13.998026709891118,13.004714700193423,60789,0,0,0,11,DAVIS
433,110433,350.0,1003.8454940487436,2.86812998299641,98.0,43.0,3.0,52.0,115.0099344207072,33.0,10.0,2.0,1.0,1.0,1.0,5.0,45.0,2.004494382022472,0.0,0.0,15.00544003868472,65223,0,0,0,11,DAVIS
434,110434,963.0,2866.348535802003,2.9764782303239907,607.0,192.0,22.0,393.0,719.0048620392337,96.0,96.0,21.0,1.0,3.0,67.0,4.0,319.0,0.0,0.0,70.9899926001621,41.01486943907157,65223,753,0,0,11,DAVIS
435,110435,1016.0,3046.274702437181,2.998301872477541,319.0,140.0,1.0,178.0,371.01432623392145,80.0,60.0,0.0,1.0,4.0,2.0,114.0,58.0,0.0,0.0,8.998731456358575,43.01559477756286,71023,0,0,0,11,DAVIS
436,110436,320.0,961.9814849801626,3.006192140563008,639.0,316.0,53.0,270.0,685.0196721144852,311.0,5.0,33.0,20.0,9.0,24.0,1.0,236.0,8.017977528089888,0.0,23.996617216956203,14.005077369439071,71023,0,0,0,11,DAVIS
437,110437,71.0,172.80037785754772,2.4338081388387,666.0,176.0,6.0,484.0,757.0054014520429,133.0,43.0,6.0,0.0,12.0,11.0,63.0,398.0,7.015730337078653,0.0,80.98858310722719,3.001088007736944,61955,0,0,0,11,DAVIS
438,110438,330.0,969.9979973549972,2.939387870772719,0.0,0.0,0.0,0.0,14.005077369439071,0.0,0.0,0.0,0.0,0.0,0.0,0.0,0.0,0.0,0.0,0.0,14.005077369439071,61955,0,0,0,11,DAVIS
439,110439,195.0,566.5002078216513,2.905129270880263,3899.0,2237.0,9.0,1653.0,4041.9862613396485,2033.0,204.0,9.0,0.0,199.0,676.0,161.0,617.0,1.002247191011236,0.0,133.98111279467213,8.002901353965184,61955,0,0,0,11,DAVIS
440,110440,394.0,1089.3549593803136,2.76486030299572,472.0,84.0,50.0,338.0,498.0048968335346,83.0,1.0,1.0,49.0,22.0,68.0,16.0,232.0,0.0,0.0,8.998731456358575,17.006165377176014,61955,1087,0,0,11,DAVIS
441,110441,456.0,1330.7410542225582,2.9182917855757857,94.0,9.0,22.0,63.0,122.00562217202588,8.0,1.0,0.0,22.0,2.0,35.0,4.0,22.0,0.0,0.0,8.998731456358575,19.00689071566731,71214,450,0,0,11,DAVIS
442,110442,167.0,473.8649537124504,2.837514692888925,1926.0,979.0,10.0,937.0,1967.0001345490457,835.0,144.0,10.0,0.0,6.0,174.0,87.0,670.0,1.002247191011236,0.0,32.99534867331478,7.002538684719536,71214,0,0,0,11,DAVIS
443,110443,50.0,162.11169469110146,3.242233893822029,44.0,16.0,9.0,19.0,59.02993882163736,3.0,13.0,0.0,9.0,14.0,0.0,0.0,5.0,13.02921348314607,0.0,0.0,2.000725338491296,71214,0,0,0,11,DAVIS
444,110444,398.0,1129.4375212544871,2.837782716719817,11.0,1.0,1.0,9.0,28.006165377176014,1.0,0.0,0.0,1.0,1.0,0.0,0.0,8.0,0.0,0.0,0.0,17.006165377176014,71214,0,0,0,11,DAVIS
445,110445,518.0,1545.405441148687,2.983408187545728,66.0,8.0,1.0,57.0,107.00530068682792,8.0,0.0,0.0,1.0,0.0,9.0,2.0,46.0,0.0,0.0,18.99732196342366,22.007978723404257,63703,0,0,0,11,DAVIS
446,110446,1150.0,2910.8847156621955,2.531204100575822,123.0,30.0,9.0,84.0,254.00621295097045,11.0,19.0,2.0,7.0,27.0,0.0,45.0,12.0,0.0,0.0,81.98844215793369,49.01777079303675,46986,0,0,0,11,DAVIS
447,110447,378.0,1108.0601549215946,2.9313760712211496,18.0,6.0,9.0,3.0,40.00495701216941,6.0,0.0,0.0,9.0,2.0,0.0,0.0,1.0,0.0,0.0,5.999154304239051,16.005802707930368,52589,0,0,0,11,DAVIS
448,110448,670.0,1717.3150954090308,2.563156858819449,3018.0,164.0,6.0,2848.0,3097.003469943449,164.0,0.0,6.0,0.0,785.0,195.0,107.0,1761.0,0.0,0.0,49.99295253532542,29.010517408123796,50881,266,0,0,11,DAVIS
449,110449,857.0,2189.3986019270737,2.5547241562742986,365.0,63.0,24.0,278.0,423.0099552083865,49.0,14.0,0.0,24.0,28.0,35.0,12.0,203.0,0.0,0.0,21.996899115543183,36.01305609284333,36720,377,0,0,11,DAVIS
450,110450,611.0,1783.228641602116,2.918541148284969,5.0,3.0,0.0,2.0,98.99984484842942,3.0,0.0,0.0,0.0,1.0,0.0,0.0,1.0,0.0,0.0,67.99041544804257,26.009429400386846,56313,0,0,0,11,DAVIS
451,110451,516.0,1443.8629510674475,2.7981840136966043,21.0,3.0,7.0,11.0,50.00699207834982,3.0,0.0,0.0,7.0,4.0,0.0,0.0,7.0,0.0,0.0,6.999013354945559,22.007978723404257,66438,0,0,0,11,DAVIS
452,110452,828.0,2086.9653882486305,2.5204895993340948,1239.0,167.0,192.0,880.0,1329.0049412124556,163.0,4.0,17.0,175.0,348.0,74.0,47.0,411.0,0.0,0.0,54.99224778885796,35.01269342359768,39009,0,955,0,11,DAVIS
453,110453,435.0,1150.8148875873796,2.645551465718114,491.0,98.0,57.0,336.0,510.0068907156673,95.0,3.0,29.0,28.0,127.0,37.0,15.0,157.0,0.0,0.0,0.0,19.00689071566731,43903,374,0,0,11,DAVIS
454,110454,837.0,2104.7798601927075,2.5146712786053853,202.0,31.0,1.0,170.0,360.99571932974385,29.0,2.0,1.0,0.0,5.0,34.0,4.0,127.0,0.0,0.0,122.98266323690054,36.01305609284333,53632,503,0,0,11,DAVIS
455,110455,861.0,2141.2995276780653,2.486991321345024,73.0,39.0,0.0,34.0,203.00031047779424,20.0,19.0,0.0,0.0,9.0,0.0,5.0,20.0,0.0,0.0,92.98689171570528,37.013418762088975,38924,0,0,0,11,DAVIS
456,110456,581.0,1466.131040997544,2.523461344229852,24.0,17.0,1.0,6.0,85.01115697748969,17.0,0.0,1.0,0.0,1.0,0.0,0.0,5.0,3.0067415730337084,0.0,32.99534867331478,25.0090667311412,50381,0,0,0,11,DAVIS
457,110457,463.0,1398.436047610051,3.0203802324191167,537.0,128.0,90.0,319.0,593.0188961924804,128.0,0.0,1.0,89.0,5.0,158.0,69.0,87.0,7.015730337078653,0.0,28.995912470488744,20.00725338491296,68590,802,0,0,11,DAVIS
458,110458,827.0,2291.831815605517,2.7712597528482674,890.0,193.0,196.0,501.0,926.014940614609,188.0,5.0,6.0,190.0,69.0,248.0,23.0,161.0,1.002247191011236,0.0,0.0,35.01269342359768,68590,842,1240,0,11,DAVIS
459,110459,1372.0,3474.712752692235,2.5325894698922995,532.0,139.0,157.0,236.0,610.0564260752534,50.0,89.0,99.0,58.0,4.0,29.0,39.0,164.0,16.035955056179777,0.0,3.9994362028260335,58.02103481624759,79472,0,0,0,11,DAVIS
460,110460,3528.0,8110.929076138296,2.299016178043735,1772.0,539.0,468.0,765.0,2770.9466751381965,85.0,454.0,274.0,194.0,107.0,85.0,36.0,537.0,5.01123595505618,0.0,843.8810387962931,150.0544003868472,78901,0,0,0,11,DAVIS
461,110461,1979.0,4830.394067636501,2.440825703707176,1704.0,643.0,123.0,938.0,1883.0385672964953,238.0,405.0,79.0,44.0,139.0,69.0,43.0,687.0,9.020224719101124,0.0,85.98787836075972,84.03046421663443,78901,0,0,0,11,DAVIS
462,110462,1174.0,3130.002720574344,2.666101124850378,1370.0,471.0,69.0,830.0,1433.0473469454284,368.0,103.0,23.0,46.0,94.0,270.0,99.0,367.0,13.02921348314607,0.0,0.0,50.0181334622824,78901,0,1178,0,11,DAVIS
463,110463,543.0,1450.0980162478745,2.670530416662752,39.0,16.0,0.0,23.0,135.00282837483448,11.0,5.0,0.0,0.0,2.0,0.0,1.0,20.0,2.004494382022472,0.0,70.9899926001621,23.008341392649903,45488,0,0,0,11,DAVIS
464,110464,798.0,1980.969280181372,2.4824176443375583,333.0,105.0,2.0,226.0,479.9964034841875,94.0,11.0,2.0,0.0,8.0,49.0,20.0,149.0,0.0,0.0,112.98407272983545,34.01233075435203,45488,0,0,0,11,DAVIS
465,110465,1325.0,3457.789004345362,2.6096520787512167,115.0,63.0,0.0,52.0,230.01438160974502,24.0,39.0,0.0,0.0,21.0,1.0,0.0,30.0,1.002247191011236,0.0,57.99182494097749,56.020309477756285,62935,0,0,0,11,DAVIS
466,110466,1233.0,2915.3383336482148,2.3644268723829804,1092.0,95.0,333.0,664.0,1147.0256003738073,82.0,13.0,91.0,242.0,23.0,185.0,1.0,455.0,3.0067415730337084,0.0,0.0,52.01885880077369,49173,684,0,0,11,DAVIS
467,110467,2226.0,6571.758700170036,2.9522725517385604,862.0,244.0,33.0,585.0,1060.027100222021,190.0,54.0,8.0,25.0,80.0,145.0,76.0,284.0,3.0067415730337084,0.0,99.98590507065084,95.03445357833655,65365,2462,293,0,11,DAVIS
468,110468,316.0,852.4224825240884,2.6975395016585075,11039.0,337.0,8028.0,2674.0,11918.906393065783,212.0,125.0,7593.0,435.0,90.0,1023.0,621.0,940.0,10.02247191011236,0.0,856.8792064554776,13.004714700193423,32909,0,0,0,11,DAVIS
469,110469,1077.0,2632.978953334593,2.4447344042103927,225.0,13.0,25.0,187.0,434.9935671011672,3.0,10.0,0.0,25.0,8.0,65.0,96.0,18.0,0.0,0.0,163.97688431586738,46.01668278529981,46032,0,0,0,11,DAVIS
470,110470,617.0,1317.3802002645004,2.135138087948947,908.0,241.0,3.0,664.0,983.0025228850058,229.0,12.0,3.0,0.0,174.0,65.0,196.0,229.0,0.0,0.0,48.99309348461891,26.009429400386846,29080,0,0,0,11,DAVIS
471,110471,2069.0,4901.65195541281,2.369092293577965,875.0,88.0,20.0,767.0,1056.0188066093224,57.0,31.0,5.0,15.0,110.0,102.0,171.0,384.0,0.0,0.0,92.98689171570528,88.03191489361703,50395,464,0,0,11,DAVIS
472,110472,1836.0,4190.854524844134,2.282600503727742,5376.0,360.0,396.0,4620.0,5469.028562102063,116.0,244.0,394.0,2.0,1374.0,385.0,595.0,2266.0,1.002247191011236,0.0,13.998026709891118,78.02828820116055,31402,0,0,0,11,DAVIS
473,110473,1817.0,4037.650066125071,2.222151935126621,1356.0,71.0,261.0,1024.0,1605.0036822534344,25.0,46.0,261.0,0.0,131.0,147.0,40.0,706.0,0.0,0.0,171.97575672151945,77.02792553191489,40149,549,1023,1863,11,DAVIS
474,110474,0.0,0.0,0.0,2224.0,0.0,0.0,2224.0,2224.0,0.0,0.0,0.0,0.0,0.0,2224.0,0.0,0.0,0.0,0.0,0.0,0.0,42810,0,0,0,11,DAVIS
475,110475,0.0,0.0,0.0,568.0,0.0,0.0,568.0,568.0,0.0,0.0,0.0,0.0,304.0,0.0,264.0,0.0,0.0,0.0,0.0,0.0,42810,0,0,0,11,DAVIS
476,110476,0.0,0.0,0.0,3021.0,31.0,0.0,2990.0,3021.0,0.0,31.0,0.0,0.0,164.0,2797.0,0.0,29.0,0.0,0.0,0.0,0.0,42810,0,0,0,11,DAVIS
477,110477,0.0,0.0,0.0,5261.0,0.0,0.0,5261.0,5261.0,0.0,0.0,0.0,0.0,161.0,5100.0,0.0,0.0,0.0,0.0,0.0,0.0,42810,0,0,0,11,DAVIS
478,110478,0.0,0.0,0.0,575.0,27.0,14.0,534.0,576.0022471910113,27.0,0.0,2.0,12.0,0.0,476.0,2.0,56.0,1.002247191011236,0.0,0.0,0.0,42810,0,0,0,11,DAVIS
479,110479,1127.0,2724.72348384659,2.4176783352676043,98.0,0.0,0.0,98.0,146.01740812379109,0.0,0.0,0.0,0.0,0.0,51.0,2.0,45.0,0.0,0.0,0.0,48.0174081237911,41959,497,0,0,11,DAVIS
480,110480,0.0,0.0,0.0,12105.0,251.0,0.0,11854.0,12105.0,205.0,46.0,0.0,0.0,653.0,10735.0,245.0,221.0,0.0,0.0,0.0,0.0,42810,0,0,0,11,DAVIS
481,110481,1272.0,3409.6899300963537,2.6805738444153726,960.0,107.0,135.0,718.0,1807.9960315915075,100.0,7.0,13.0,122.0,35.0,214.0,33.0,436.0,37.08314606741573,0.0,756.8933013848268,54.01958413926499,68233,773,0,0,11,DAVIS
482,110482,609.0,1681.6861515208768,2.7613894113643296,62.0,1.0,1.0,60.0,130.01545023158383,1.0,0.0,0.0,1.0,3.0,43.0,8.0,6.0,5.01123595505618,0.0,36.99478487614081,26.009429400386846,68233,0,0,0,11,DAVIS
483,110483,615.0,1657.6366143963726,2.6953440884493864,1700.0,318.0,531.0,851.0,1748.058867602634,317.0,1.0,345.0,186.0,186.0,126.0,190.0,349.0,22.04943820224719,0.0,0.0,26.009429400386846,56213,0,0,0,11,DAVIS
484,110484,975.0,2597.350009446439,2.663948727637373,1091.0,209.0,16.0,866.0,1155.06655483233,206.0,3.0,8.0,8.0,187.0,125.0,130.0,424.0,23.051685393258428,0.0,0.0,41.01486943907157,56213,787,0,0,11,DAVIS
485,110485,5.0,12.47013036085396,2.494026072170792,81.0,39.0,15.0,27.0,149.40625,2.0,37.0,2.0,13.0,0.0,6.0,9.0,12.0,0.0,68.40625,0.0,0.0,71222,0,0,0,11,DAVIS
486,110486,0.0,0.0,0.0,0.0,0.0,0.0,0.0,0.0,0.0,0.0,0.0,0.0,0.0,0.0,0.0,0.0,0.0,0.0,0.0,0.0,71222,0,0,0,11,DAVIS
487,110487,773.0,2247.295635745324,2.9072388560741578,271.0,21.0,54.0,196.0,307.0187096581401,21.0,0.0,1.0,53.0,8.0,81.0,4.0,103.0,3.0067415730337084,0.0,0.0,33.01196808510638,75974,472,202,0,11,DAVIS
488,110488,952.0,2870.802153788022,3.0155484808697715,532.0,181.0,5.0,346.0,579.0135201247715,181.0,0.0,1.0,4.0,259.0,22.0,5.0,60.0,0.0,0.0,6.999013354945559,40.01450676982592,89651,0,0,0,11,DAVIS
489,110489,152.0,374.9946344228226,2.4670699633080435,351.0,23.0,82.0,246.0,360.0089175885076,23.0,0.0,0.0,82.0,8.0,30.0,5.0,203.0,3.0067415730337084,0.0,0.0,6.002176015473888,111403,0,0,90,11,DAVIS
490,110490,1791.0,5314.947704515398,2.967586658020881,400.0,15.0,75.0,310.0,835.1369674667225,14.0,1.0,0.0,75.0,5.0,216.0,56.0,33.0,67.15056179775281,0.0,291.9588428063004,76.02756286266924,64628,997,0,0,11,DAVIS
491,110491,2297.0,5999.023427167958,2.611677591279041,23.0,5.0,6.0,12.0,230.1897360747186,5.0,0.0,0.0,6.0,3.0,3.0,3.0,3.0,71.15955056179776,0.0,37.99464392684732,98.0355415860735,64628,0,0,0,11,DAVIS
492,110492,968.0,2803.997883997733,2.896692028923278,346.0,88.0,3.0,255.0,717.9682152229259,66.0,22.0,1.0,2.0,57.0,22.0,66.0,110.0,0.0,0.0,330.9533457838543,41.01486943907157,73054,0,0,0,11,DAVIS
493,110493,1462.0,3884.445607406008,2.65693953994939,431.0,118.0,10.0,303.0,560.015430030871,70.0,48.0,5.0,5.0,58.0,93.0,31.0,121.0,1.002247191011236,0.0,65.99069734662956,62.02248549323018,72854,0,0,0,11,DAVIS
494,110494,821.0,2408.516606839222,2.93363776716105,41.0,4.0,20.0,17.0,302.9830860742798,4.0,0.0,2.0,18.0,3.0,0.0,2.0,12.0,1.002247191011236,0.0,225.9681454596709,35.01269342359768,73352,0,0,2098,11,DAVIS
495,110495,583.0,1676.3418099376536,2.875371886685512,487.0,311.0,12.0,164.0,513.0113139221525,311.0,0.0,2.0,10.0,10.0,104.0,9.0,41.0,1.002247191011236,0.0,0.0,25.0090667311412,73497,0,0,0,11,DAVIS
496,110496,1558.0,4184.619459663707,2.685891822633958,516.0,69.0,83.0,364.0,1256.0777216172114,35.0,34.0,26.0,57.0,19.0,30.0,13.0,302.0,1.002247191011236,4.145833333333333,668.9057049226541,66.02393617021276,72512,740,0,0,11,DAVIS
497,110497,1285.0,3977.971585112413,3.0956977316049907,364.0,137.0,19.0,208.0,440.01698687334726,88.0,49.0,17.0,2.0,21.0,44.0,69.0,74.0,0.0,0.0,20.997040064836675,55.01994680851064,64621,0,0,0,11,DAVIS
498,110498,863.0,2486.900283393161,2.8816921012666987,270.0,101.0,3.0,166.0,372.00903333862146,76.0,25.0,0.0,3.0,9.0,72.0,2.0,83.0,2.004494382022472,0.0,62.991120194510025,37.013418762088975,71920,909,0,0,11,DAVIS
499,110499,1390.0,4702.129869639146,3.382827244344709,1012.0,376.0,140.0,496.0,1160.0255699805057,367.0,9.0,79.0,61.0,131.0,97.0,172.0,96.0,7.015730337078653,0.0,81.98844215793369,59.02139748549323,65495,0,4,28,11,DAVIS
500,110500,578.0,1755.6162100887966,3.037398287350859,113.0,21.0,0.0,92.0,371.9880252979878,15.0,6.0,0.0,0.0,5.0,4.0,74.0,9.0,5.01123595505618,0.0,228.9677226117904,25.0090667311412,94178,0,0,0,11,DAVIS
501,110501,680.0,2062.0251275269225,3.0323898934219446,398.0,186.0,8.0,204.0,449.0265216461048,183.0,3.0,3.0,5.0,5.0,34.0,35.0,130.0,8.017977528089888,0.0,13.998026709891118,29.010517408123796,54058,0,0,0,11,DAVIS
502,110502,554.0,1662.9809559795958,3.0017706786635303,711.0,15.0,25.0,671.0,735.0087040618955,15.0,0.0,1.0,24.0,38.0,312.0,1.0,320.0,0.0,0.0,0.0,24.00870406189555,94178,0,1312,0,11,DAVIS
503,110503,346.0,1135.672586434914,3.2822907122396363,236.0,9.0,5.0,222.0,402.99834458790235,9.0,0.0,1.0,4.0,11.0,104.0,0.0,107.0,6.013483146067417,0.0,145.9794214031502,15.00544003868472,54058,1057,0,0,11,DAVIS
504,110504,1870.0,4581.882184016626,2.450204376479479,2203.0,136.0,25.0,2042.0,2483.0008236809535,62.0,74.0,8.0,17.0,483.0,95.0,302.0,1162.0,0.0,0.0,199.9718101413017,80.02901353965184,52488,364,0,0,11,DAVIS
505,110505,3497.0,8227.613867372002,2.3527634736551333,5351.0,1004.0,28.0,4319.0,6482.915484562099,400.0,604.0,18.0,10.0,913.0,253.0,2650.0,503.0,0.0,0.0,982.8614468444978,149.05403771760157,31447,0,0,0,11,DAVIS
506,110506,11.0,30.28460230493104,2.75314566408464,0.0,0.0,0.0,0.0,115.25842696629216,0.0,0.0,0.0,0.0,0.0,0.0,0.0,0.0,115.25842696629216,0.0,0.0,0.0,64628,0,0,0,11,DAVIS
507,110507,976.0,2885.053731343284,2.955997675556643,14.0,4.0,2.0,8.0,244.0532134293684,4.0,0.0,0.0,2.0,1.0,2.0,0.0,5.0,27.06067415730337,0.0,160.97730716374784,42.015232108317214,64628,0,0,0,11,DAVIS
508,110508,554.0,1734.238843755904,3.130395024830152,607.0,34.0,92.0,481.0,972.0012387379953,34.0,0.0,55.0,37.0,75.0,181.0,8.0,217.0,17.038202247191013,0.0,323.95433242890874,24.00870406189555,80267,1624,308,0,11,DAVIS
509,110509,1059.0,3163.85021726809,2.9875828302814824,426.0,124.0,133.0,169.0,694.0183223878718,122.0,2.0,3.0,130.0,34.0,22.0,13.0,100.0,14.031460674157303,0.0,208.97054159766026,45.01632011605416,80267,0,0,0,11,DAVIS
510,110510,703.0,2157.3325524277348,3.068751852671031,256.0,96.0,1.0,159.0,394.007598255196,96.0,0.0,1.0,0.0,14.0,103.0,4.0,38.0,5.01123595505618,0.0,102.98548222277036,30.01088007736944,80267,1066,0,0,11,DAVIS
511,110511,596.0,1845.579293406386,3.0966095526952784,50.0,1.0,0.0,49.0,94.0183293960885,1.0,0.0,0.0,0.0,0.0,0.0,49.0,0.0,5.01123595505618,0.0,13.998026709891118,25.0090667311412,80267,0,0,0,11,DAVIS
512,110512,341.0,1029.6764783676554,3.01957911544767,3423.0,520.0,1885.0,1018.0,3458.5293398514186,428.0,92.0,385.0,1500.0,323.0,185.0,10.0,500.0,6.013483146067417,14.510416666666666,0.0,15.00544003868472,63524,382,164,0,11,DAVIS
513,110513,3897.0,9066.675495938032,2.326578264289975,8459.0,3414.0,223.0,4822.0,8874.027494861002,2248.0,1166.0,123.0,100.0,1418.0,316.0,205.0,2883.0,1.002247191011236,0.0,247.96504457521408,166.06020309477756,32720,0,0,0,11,DAVIS
514,110514,582.0,1707.5171358397886,2.933878240274551,251.0,18.0,28.0,205.0,280.01805549518616,10.0,8.0,27.0,1.0,28.0,31.0,3.0,143.0,4.008988764044944,0.0,0.0,25.0090667311412,63524,604,0,0,11,DAVIS
515,110515,1611.0,3867.521859059135,2.400696374338383,1005.0,14.0,37.0,954.0,1219.0069746706981,9.0,5.0,2.0,35.0,2.0,239.0,656.0,57.0,1.002247191011236,0.0,143.9797033017372,69.02502417794972,60315,0,0,0,11,DAVIS
516,110516,1042.0,3411.4713772907617,3.2739648534460284,812.0,247.0,33.0,532.0,917.2214583831382,247.0,0.0,10.0,23.0,55.0,132.0,2.0,343.0,59.13258426966293,2.0729166666666665,0.0,44.015957446808514,82693,0,0,0,11,DAVIS
517,110517,724.0,2201.868732287928,3.0412551550938227,155.0,113.0,2.0,40.0,187.01348993762633,59.0,54.0,0.0,2.0,8.0,1.0,6.0,25.0,1.002247191011236,0.0,0.0,31.01124274661509,124667,0,0,0,11,DAVIS
518,110518,534.0,1369.042168902324,2.563749379966899,1587.0,159.0,173.0,1255.0,1976.9590011422433,155.0,4.0,104.0,69.0,844.0,177.0,49.0,185.0,1.002247191011236,0.0,365.94841255858205,23.008341392649903,105973,0,0,0,11,DAVIS
519,110519,616.0,1906.148498016248,3.0943969123640387,0.0,0.0,0.0,0.0,32.022912546454265,0.0,0.0,0.0,0.0,0.0,0.0,0.0,0.0,6.013483146067417,0.0,0.0,26.009429400386846,124667,0,0,0,11,DAVIS
520,110520,411.0,1398.436047610051,3.402520797104747,1222.0,205.0,122.0,895.0,1266.0095241671659,202.0,3.0,30.0,92.0,107.0,169.0,57.0,562.0,3.0067415730337084,0.0,23.996617216956203,17.006165377176014,105973,0,0,0,11,DAVIS
521,110521,297.0,989.593916493482,3.3319660487996026,18.0,2.0,7.0,9.0,67.04023891080809,2.0,0.0,0.0,7.0,3.0,0.0,0.0,6.0,17.038202247191013,0.0,18.99732196342366,13.004714700193423,83056,0,0,0,11,DAVIS
522,110522,404.0,1358.3534857358777,3.362261103306628,1117.0,123.0,251.0,743.0,1185.0324109274743,118.0,5.0,3.0,248.0,91.0,338.0,8.0,306.0,14.031460674157303,0.0,36.99478487614081,17.006165377176014,124667,1463,1343,0,11,DAVIS
523,110523,822.0,2640.995465709428,3.212889860960374,349.0,22.0,48.0,279.0,430.01337417701126,22.0,0.0,0.0,48.0,21.0,86.0,9.0,163.0,3.0067415730337084,0.0,42.99393918037986,35.01269342359768,105973,1042,0,0,11,DAVIS
524,110524,1537.0,3233.3266578499906,2.103660805367593,774.0,20.0,3.0,751.0,839.0235735009671,20.0,0.0,2.0,1.0,211.0,21.0,10.0,509.0,0.0,0.0,0.0,65.02357350096712,61587,0,0,0,11,DAVIS
525,110525,4216.0,10153.358284526734,2.408291813217916,2608.0,957.0,35.0,1616.0,3084.0230558548037,834.0,123.0,33.0,2.0,315.0,199.0,130.0,972.0,0.0,0.0,296.958138059833,179.064917794971,33920,0,10,772,11,DAVIS
526,110526,4905.0,11031.611751369734,2.249054383561617,1816.0,513.0,0.0,1303.0,2052.071992241416,46.0,467.0,0.0,0.0,367.0,157.0,625.0,154.0,0.0,0.0,26.996194369075727,209.0757978723404,23217,0,926,0,11,DAVIS
527,110527,4428.0,10410.777404118648,2.3511240750042117,7382.0,3078.0,44.0,4260.0,7697.050281257909,1246.0,1832.0,26.0,18.0,1261.0,340.0,462.0,2197.0,0.0,0.0,126.98209943972657,188.0681818181818,49950,694,0,0,11,DAVIS
528,110528,5383.0,13407.171585112414,2.490650489524877,5428.0,1502.0,421.0,3505.0,5660.0897928302875,575.0,927.0,346.0,75.0,1115.0,459.0,850.0,1081.0,3.0067415730337084,0.0,0.0,229.0830512572534,41375,558,0,1807,11,DAVIS
529,110529,807.0,2172.4748535802005,2.6920382324413885,701.0,222.0,114.0,365.0,912.039921816108,93.0,129.0,85.0,29.0,81.0,49.0,8.0,227.0,22.04943820224719,0.0,154.9781528595088,34.01233075435203,76550,28,0,0,11,DAVIS
530,110530,1985.0,5135.02153788022,2.5869126135416725,1808.0,342.0,68.0,1398.0,1964.0274802884173,284.0,58.0,11.0,57.0,582.0,55.0,122.0,639.0,3.0067415730337084,0.0,68.99027449874907,84.03046421663443,59447,0,1,0,11,DAVIS
531,110531,263.0,678.7313810693369,2.580727684674285,112.0,49.0,11.0,52.0,128.01522531675832,49.0,0.0,1.0,10.0,1.0,4.0,0.0,47.0,5.01123595505618,0.0,0.0,11.003989361702128,78290,0,0,0,11,DAVIS
532,110532,800.0,2245.5141885509165,2.806892735688645,232.0,10.0,0.0,222.0,323.0090729252325,9.0,1.0,0.0,0.0,40.0,5.0,170.0,7.0,2.004494382022472,0.0,54.99224778885796,34.01233075435203,79717,0,0,0,11,DAVIS
533,110533,1053.0,3092.5923294917816,2.936934785842148,205.0,10.0,18.0,177.0,330.0050441725748,9.0,1.0,0.0,18.0,18.0,69.0,5.0,85.0,0.0,0.0,79.98872405652067,45.01632011605416,79651,609,0,0,11,DAVIS
534,110534,1333.0,3819.422784810127,2.86528340945996,8.0,0.0,1.0,7.0,298.9948544332391,0.0,0.0,0.0,1.0,3.0,1.0,1.0,2.0,3.0067415730337084,0.0,230.96744071320344,57.02067214700193,88417,0,0,0,11,DAVIS
535,110535,2043.0,5697.958851313056,2.789015590461603,397.0,53.0,25.0,319.0,692.0070110519346,45.0,8.0,1.0,24.0,53.0,36.0,186.0,44.0,2.004494382022472,0.0,205.97096444554072,87.03155222437138,77429,603,0,0,11,DAVIS
536,110536,701.0,2208.9945210655583,3.151204737611353,1.0,1.0,0.0,0.0,340.9743502173012,0.0,1.0,0.0,0.0,0.0,0.0,0.0,0.0,3.0067415730337084,0.0,306.95672856689805,30.01088007736944,79377,0,0,0,11,DAVIS
537,110537,664.0,1927.5258643491404,2.9029003981161754,179.0,9.0,7.0,163.0,494.9719494826573,8.0,1.0,1.0,6.0,40.0,54.0,1.0,68.0,1.002247191011236,0.0,286.9595475527679,28.010154738878143,79377,0,0,0,11,DAVIS
538,110538,776.0,1952.4661250708484,2.5160645941634643,925.0,212.0,263.0,450.0,1122.9887114516803,197.0,15.0,5.0,258.0,72.0,85.0,17.0,276.0,0.0,0.0,164.97674336657388,33.01196808510638,52973,348,938,0,11,DAVIS
539,110539,869.0,2097.6540714150765,2.413871198406302,10407.0,748.0,251.0,9408.0,11080.923634062136,142.0,606.0,246.0,5.0,2172.0,2504.0,2947.0,1785.0,0.0,0.0,636.9102153000458,37.013418762088975,16208,0,0,1967,11,DAVIS
540,110540,590.0,1437.6278858870207,2.4366574337068148,1616.0,219.0,11.0,1386.0,1827.9827092132584,171.0,48.0,6.0,5.0,253.0,70.0,75.0,988.0,0.0,0.0,186.97364248211707,25.0090667311412,16208,0,0,0,11,DAVIS
541,110541,1629.0,3955.7034951823166,2.428301715888469,487.0,54.0,14.0,419.0,646.0123387415355,22.0,32.0,0.0,14.0,40.0,46.0,29.0,304.0,0.0,0.0,89.98731456358576,69.02502417794972,35483,422,0,0,11,DAVIS
542,110542,1766.0,4580.100736822218,2.593488525946896,1061.0,409.0,34.0,618.0,1294.0192590468805,375.0,34.0,11.0,23.0,81.0,89.0,31.0,417.0,6.013483146067417,0.0,151.97857570738927,75.0272001934236,72583,584,0,0,11,DAVIS
543,110543,1953.0,5073.561609673154,2.597829805260192,361.0,66.0,18.0,277.0,547.0179719104639,32.0,34.0,6.0,12.0,6.0,5.0,89.0,177.0,1.002247191011236,0.0,101.98562317206385,83.03010154738878,68337,0,0,0,11,DAVIS
544,110544,1534.0,4162.35136973361,2.7133972423296027,289.0,163.0,2.0,124.0,584.0222009874255,144.0,19.0,1.0,1.0,53.0,14.0,11.0,46.0,13.02921348314607,0.0,216.96941400331232,65.02357350096712,64372,0,0,0,11,DAVIS
545,110545,1309.0,3447.100321178916,2.633384508158072,3306.0,715.0,260.0,2331.0,3625.9902632851886,501.0,214.0,213.0,47.0,242.0,319.0,701.0,1069.0,3.0067415730337084,0.0,260.96321223439867,56.020309477756285,39321,736,1028,0,11,DAVIS
546,110546,1181.0,3414.143548082373,2.8908920813567933,78.0,10.0,0.0,68.0,420.98638788050823,0.0,10.0,0.0,0.0,6.0,29.0,4.0,29.0,4.008988764044944,0.0,288.9592656541809,50.0181334622824,76592,776,0,0,11,DAVIS
547,110547,654.0,1883.880408086152,2.8805510827005376,0.0,0.0,0.0,0.0,121.0042108754976,0.0,0.0,0.0,0.0,0.0,0.0,0.0,0.0,3.0067415730337084,0.0,89.98731456358576,28.010154738878143,58042,0,0,0,11,DAVIS
548,110548,871.0,2397.827923672776,2.752959728671384,368.0,105.0,7.0,256.0,484.0022837679031,27.0,78.0,4.0,3.0,64.0,10.0,48.0,134.0,0.0,0.0,78.98886500581416,37.013418762088975,40432,0,0,0,11,DAVIS
549,110549,943.0,2375.559833742679,2.519151467383541,877.0,72.0,4.0,801.0,1137.9833569759642,30.0,42.0,4.0,0.0,55.0,225.0,48.0,473.0,0.0,0.0,220.96885020613834,40.01450676982592,36569,652,0,0,11,DAVIS
550,110550,665.0,1858.04942376724,2.794059283860511,8.0,1.0,0.0,7.0,127.99718740387691,1.0,0.0,0.0,0.0,0.0,0.0,0.0,7.0,0.0,0.0,91.98703266499876,28.010154738878143,104871,747,0,0,11,DAVIS
551,110551,528.0,1467.0217645947478,2.778450311732477,2229.0,14.0,138.0,2077.0,2315.9988170193274,14.0,0.0,7.0,131.0,179.0,1238.0,13.0,647.0,0.0,0.0,64.99083829592304,22.007978723404257,81249,182,78,2957,11,DAVIS
552,110552,617.0,1612.209710938976,2.612981703304661,254.0,2.0,0.0,252.0,311.0050599722886,1.0,1.0,0.0,0.0,2.0,1.0,1.0,248.0,0.0,0.0,30.99563057190176,26.009429400386846,70381,0,0,0,11,DAVIS
553,110553,1239.0,3704.5194407708295,2.989926909419556,170.0,51.0,4.0,115.0,1242.8873938921815,51.0,0.0,3.0,1.0,12.0,17.0,2.0,84.0,5.01123595505618,0.0,1014.856936467106,53.01922147001935,98270,0,0,0,11,DAVIS
554,110554,920.0,2793.309200831287,3.0362056530774857,143.0,9.0,4.0,130.0,258.0320896379316,8.0,1.0,0.0,4.0,4.0,91.0,5.0,30.0,12.026966292134832,0.0,63.990979245216536,39.01414410058028,83704,650,999,0,11,DAVIS
555,110555,1164.0,3500.543737011147,3.0073399802501264,145.0,16.0,49.0,80.0,384.9961293771284,16.0,0.0,2.0,47.0,11.0,33.0,4.0,32.0,2.004494382022472,0.0,187.97350153282358,50.0181334622824,88727,643,0,0,11,DAVIS
556,110556,643.0,1858.940147364444,2.8910422198513896,1187.0,37.0,3.0,1147.0,1288.9992208726208,29.0,8.0,3.0,0.0,616.0,90.0,169.0,272.0,0.0,0.0,74.98942880298813,27.009792069632496,85435,0,0,0,11,DAVIS
557,110557,977.0,2699.783223124882,2.7633400441401044,155.0,33.0,2.0,120.0,234.01001698445802,33.0,0.0,0.0,2.0,17.0,24.0,49.0,30.0,0.0,0.0,36.99478487614081,42.015232108317214,85051,0,0,0,11,DAVIS
558,110558,839.0,2457.5064046854336,2.929089874476083,762.0,197.0,4.0,561.0,900.0010674052119,131.0,66.0,3.0,1.0,211.0,36.0,73.0,241.0,1.002247191011236,0.0,100.98576412135735,36.01305609284333,84253,0,0,0,11,DAVIS
559,110559,666.0,1898.1319856414127,2.8500480264886083,1.0,0.0,0.0,1.0,114.99803309963787,0.0,0.0,0.0,0.0,0.0,0.0,1.0,0.0,0.0,0.0,85.98787836075972,28.010154738878143,93249,0,0,0,11,DAVIS
560,110560,422.0,1110.732325713206,2.6320671225431425,1098.0,199.0,0.0,899.0,1121.0177640014779,73.0,126.0,0.0,0.0,274.0,175.0,173.0,277.0,5.01123595505618,0.0,0.0,18.006528046421664,93117,747,0,0,11,DAVIS
561,110561,535.0,1667.434573965615,3.1167001382534862,7.0,0.0,0.0,7.0,64.0035491166712,0.0,0.0,0.0,0.0,1.0,0.0,0.0,6.0,0.0,0.0,33.995207724021284,23.008341392649903,92349,0,0,0,11,DAVIS
562,110562,84.0,221.7901757037597,2.640359234568568,1786.0,32.0,11.0,1743.0,1790.0014506769826,4.0,28.0,0.0,11.0,31.0,107.0,35.0,1570.0,0.0,0.0,0.0,4.001450676982592,93117,0,0,0,11,DAVIS
563,110563,1166.0,3284.0979028906104,2.8165505170588427,68.0,0.0,31.0,37.0,171.05603781551716,0.0,0.0,9.0,22.0,7.0,3.0,9.0,18.0,19.042696629213484,0.0,33.995207724021284,50.0181334622824,85051,0,0,0,11,DAVIS
564,110564,4048.0,10560.418968448896,2.6087991522848064,15068.0,2073.0,595.0,12400.0,17860.73354939719,1133.0,940.0,416.0,179.0,1586.0,1919.0,7636.0,1259.0,17.038202247191013,0.0,2603.632968039748,172.06237911025144,85051,0,0,0,11,DAVIS
565,110565,1217.0,3301.021651237484,2.712425350236223,4228.0,1838.0,0.0,2390.0,5389.8624050849985,650.0,1188.0,0.0,0.0,195.0,1342.0,561.0,292.0,0.0,0.0,1109.8435462842242,52.01885880077369,85051,0,0,0,11,DAVIS
566,110566,498.0,1406.4525599848855,2.8242019276804933,202.0,33.0,14.0,155.0,609.9936670627577,33.0,0.0,6.0,8.0,14.0,63.0,4.0,74.0,17.038202247191013,0.0,369.9478487614081,21.007616054158607,85051,897,0,0,11,DAVIS
567,110567,895.0,2615.164481390516,2.9219714875871685,1.0,0.0,0.0,1.0,563.9636644552988,0.0,0.0,0.0,0.0,0.0,1.0,0.0,0.0,10.02247191011236,0.0,514.9274111138518,38.01378143133462,85051,0,0,0,11,DAVIS
568,110568,663.0,1986.313621764595,2.995948147457911,4225.0,45.0,60.0,4120.0,4259.023637884946,26.0,19.0,7.0,53.0,490.0,2429.0,163.0,1038.0,6.013483146067417,0.0,0.0,28.010154738878143,85051,0,0,0,11,DAVIS
569,110569,7.0,20.486642735688648,2.926663247955521,0.0,0.0,0.0,0.0,1.002247191011236,0.0,0.0,0.0,0.0,0.0,0.0,0.0,0.0,1.002247191011236,0.0,0.0,0.0,85051,0,0,0,11,DAVIS
570,110570,627.0,1845.579293406386,2.943507644986261,1088.0,5.0,4.0,1079.0,1167.002462706371,2.0,3.0,4.0,0.0,28.0,426.0,46.0,579.0,0.0,0.0,51.99267063673844,27.009792069632496,59960,0,0,0,11,DAVIS
571,110571,357.0,985.1402985074628,2.7594966344746856,2314.0,26.0,110.0,2178.0,2442.9893718192266,18.0,8.0,76.0,34.0,338.0,1327.0,135.0,378.0,0.0,0.0,113.98393178054195,15.00544003868472,72962,450,1006,0,11,DAVIS
572,110572,332.0,924.5710938976008,2.784852692462653,259.0,3.0,30.0,226.0,393.98802250492656,3.0,0.0,0.0,30.0,2.0,50.0,106.0,68.0,0.0,0.0,120.98294513548751,14.005077369439071,102756,0,0,0,11,DAVIS
573,110573,571.0,1561.4384658983563,2.734568241503251,0.0,0.0,0.0,0.0,60.00362988732985,0.0,0.0,0.0,0.0,0.0,0.0,0.0,0.0,0.0,0.0,35.9949258254343,24.00870406189555,72962,0,0,0,11,DAVIS
574,110574,592.0,1830.4369922539204,3.091954378807298,0.0,0.0,0.0,0.0,76.00187831717312,0.0,0.0,0.0,0.0,0.0,0.0,0.0,0.0,0.0,0.0,50.99281158603193,25.0090667311412,102756,0,0,0,11,DAVIS
575,110575,2.0,3.0,1.5,0.0,0.0,0.0,0.0,8.017977528089888,0.0,0.0,0.0,0.0,0.0,0.0,0.0,0.0,8.017977528089888,0.0,0.0,0.0,72020,0,0,0,11,DAVIS
576,110576,117.0,310.8625354241451,2.6569447472149155,155.0,7.0,30.0,118.0,434.98215741295587,4.0,3.0,0.0,30.0,4.0,24.0,1.0,89.0,8.017977528089888,0.0,266.96236653863775,5.00181334622824,72020,0,0,0,11,DAVIS
577,110577,76.0,190.6148498016248,2.5080901289687474,1182.0,182.0,186.0,814.0,1223.0864812661641,164.0,18.0,43.0,143.0,407.0,229.0,59.0,119.0,38.08539325842697,0.0,0.0,3.001088007736944,72020,0,0,0,11,DAVIS
578,110578,821.0,2393.374305686756,2.915194038595318,1.0,0.0,0.0,1.0,504.9537526258643,0.0,0.0,0.0,0.0,0.0,0.0,1.0,0.0,3.0067415730337084,0.0,465.9343176292329,35.01269342359768,85901,0,0,0,11,DAVIS
579,110579,379.0,1059.9610806725864,2.796731083568829,228.0,5.0,15.0,208.0,247.01254428096408,5.0,0.0,0.0,15.0,48.0,84.0,4.0,72.0,3.0067415730337084,0.0,0.0,16.005802707930368,101084,551,0,0,11,DAVIS
580,110580,340.0,1019.8785187984132,2.999642702348274,5.0,3.0,0.0,2.0,55.00716761578756,0.0,3.0,0.0,0.0,1.0,0.0,0.0,1.0,3.0067415730337084,0.0,32.99534867331478,14.005077369439071,85901,0,0,0,11,DAVIS
581,110581,444.0,1194.4603438503684,2.690225999662992,21.0,6.0,0.0,15.0,40.00689071566731,6.0,0.0,0.0,0.0,0.0,0.0,4.0,11.0,0.0,0.0,0.0,19.00689071566731,100345,0,0,0,11,DAVIS
582,110582,396.0,1108.9508785187984,2.800381006360602,213.0,7.0,21.0,185.0,254.0027825941322,7.0,0.0,0.0,21.0,29.0,62.0,2.0,92.0,0.0,0.0,23.996617216956203,17.006165377176014,100288,747,0,0,11,DAVIS
583,110583,507.0,1514.230115246552,2.9866471701115427,45.0,5.0,0.0,40.0,126.99952176579475,5.0,0.0,0.0,0.0,11.0,0.0,10.0,19.0,0.0,0.0,59.991543042390504,22.007978723404257,79740,0,0,0,11,DAVIS
584,110584,0.0,0.0,0.0,5.0,1.0,3.0,1.0,13.017977528089888,1.0,0.0,0.0,3.0,0.0,0.0,0.0,1.0,8.017977528089888,0.0,0.0,0.0,72020,0,0,0,11,DAVIS
585,110585,762.0,2002.346646514264,2.6277515046118958,1262.0,8.0,311.0,943.0,2024.9085714823182,6.0,2.0,268.0,43.0,545.0,181.0,19.0,198.0,0.0,0.0,730.8969660664576,32.011605415860735,72020,0,0,0,11,DAVIS
586,110586,72.0,178.14471944077084,2.4742322144551507,767.0,62.0,363.0,342.0,770.0010880077369,62.0,0.0,247.0,116.0,187.0,28.0,1.0,126.0,0.0,0.0,0.0,3.001088007736944,72020,0,0,0,11,DAVIS
587,110587,58.0,163.89314188550918,2.825743825612227,13.0,0.0,11.0,2.0,154.99532127923084,0.0,0.0,0.0,11.0,0.0,0.0,0.0,2.0,6.013483146067417,0.0,133.98111279467213,2.000725338491296,72020,0,0,0,11,DAVIS
588,110588,743.0,2132.3922917060268,2.8699761664953254,8.0,1.0,6.0,1.0,45.022841370916915,1.0,0.0,5.0,1.0,0.0,0.0,0.0,1.0,5.01123595505618,0.0,0.0,32.011605415860735,72020,0,0,0,11,DAVIS
589,110589,358.0,875.5812960513887,2.4457578101994097,244.0,59.0,0.0,185.0,746.9366567834608,4.0,55.0,0.0,0.0,93.0,0.0,66.0,26.0,0.0,0.0,487.93121674477607,15.00544003868472,63030,0,0,0,11,DAVIS
590,110590,680.0,1611.3189873417723,2.369586746090841,162.0,101.0,0.0,61.0,191.0105174081238,46.0,55.0,0.0,0.0,23.0,4.0,5.0,29.0,0.0,0.0,0.0,29.010517408123796,63030,0,0,0,11,DAVIS
591,110591,274.0,705.4530889854525,2.574646310165885,0.0,0.0,0.0,0.0,22.00294253801286,0.0,0.0,0.0,0.0,0.0,0.0,0.0,0.0,0.0,0.0,9.998590507065083,12.004352030947777,63030,0,0,0,11,DAVIS
592,110592,248.0,628.8508596259211,2.5356889501045203,2033.0,742.0,9.0,1282.0,2044.0039893617022,482.0,260.0,9.0,0.0,412.0,203.0,59.0,608.0,0.0,0.0,0.0,11.003989361702128,44492,0,0,0,11,DAVIS
593,110593,874.0,2094.981900623465,2.39700446295591,433.0,222.0,2.0,209.0,656.987061244206,150.0,72.0,2.0,0.0,38.0,6.0,43.0,122.0,0.0,0.0,186.97364248211707,37.013418762088975,44492,0,0,0,11,DAVIS
594,110594,421.0,1059.0703570753826,2.515606548872643,356.0,130.0,15.0,211.0,396.00342716196485,128.0,2.0,3.0,12.0,24.0,57.0,35.0,95.0,0.0,0.0,21.996899115543183,18.006528046421664,44492,498,0,0,11,DAVIS
595,110595,317.0,718.8139429435104,2.26755187048426,195.0,99.0,6.0,90.0,208.00471470019343,99.0,0.0,1.0,5.0,19.0,13.0,6.0,52.0,0.0,0.0,0.0,13.004714700193423,65165,0,0,0,11,DAVIS
596,110596,448.0,1047.4909503117326,2.338149442660117,0.0,0.0,0.0,0.0,28.005622172025888,0.0,0.0,0.0,0.0,0.0,0.0,0.0,0.0,0.0,0.0,8.998731456358575,19.00689071566731,65165,0,0,0,11,DAVIS
597,110597,300.0,703.6716417910449,2.3455721393034827,625.0,87.0,191.0,347.0,656.0021776129106,87.0,0.0,0.0,191.0,42.0,149.0,1.0,155.0,0.0,0.0,17.99746291271715,13.004714700193423,65165,336,927,0,11,DAVIS
598,110598,775.0,2288.268921216701,2.952605059634453,0.0,0.0,0.0,0.0,47.01238293530223,0.0,0.0,0.0,0.0,0.0,0.0,0.0,0.0,1.002247191011236,0.0,12.99816765918461,33.01196808510638,76071,0,0,0,11,DAVIS
599,110599,103.0,344.7100321178916,3.346699340950404,4.0,0.0,4.0,0.0,9.003697867993829,0.0,0.0,0.0,4.0,0.0,0.0,0.0,0.0,1.002247191011236,0.0,0.0,4.001450676982592,79533,0,0,0,11,DAVIS
600,110600,153.0,413.29574910258833,2.70127940589927,179.0,2.0,13.0,164.0,205.045235313933,2.0,0.0,0.0,13.0,6.0,24.0,0.0,134.0,19.042696629213484,0.0,0.0,7.002538684719536,79533,0,0,0,11,DAVIS
601,110601,431.0,1183.7716606839222,2.7465699783849704,42.0,1.0,2.0,39.0,70.00511855348674,1.0,0.0,0.0,2.0,0.0,2.0,0.0,37.0,0.0,0.0,9.998590507065083,18.006528046421664,73032,0,0,0,11,DAVIS
602,110602,619.0,1779.6657472133006,2.8750658274851384,57.0,2.0,3.0,52.0,145.00069054419035,2.0,0.0,0.0,3.0,7.0,36.0,0.0,9.0,0.0,0.0,61.99126114380352,26.009429400386846,73032,593,0,0,11,DAVIS
603,110603,141.0,444.4710750047232,3.1522771276930723,2036.0,124.0,453.0,1459.0,2173.0505795865593,119.0,5.0,23.0,430.0,170.0,224.0,2.0,1063.0,28.06292134831461,0.0,102.98548222277036,6.002176015473888,79533,0,0,0,11,DAVIS
604,110604,344.0,958.4185905913472,2.786100554044613,247.0,6.0,42.0,199.0,284.2267111305983,6.0,0.0,41.0,1.0,55.0,1.0,7.0,136.0,2.004494382022472,6.21875,13.998026709891118,15.00544003868472,79533,0,0,0,11,DAVIS
605,110605,776.0,1907.929945210656,2.4586726098075458,1048.0,233.0,62.0,753.0,1233.9904028432022,119.0,114.0,54.0,8.0,72.0,111.0,144.0,426.0,0.0,0.0,152.97843475809577,33.01196808510638,46724,381,0,0,11,DAVIS
606,110606,885.0,2102.9984129983,2.376269393218418,2382.0,35.0,30.0,2317.0,2455.008848206063,12.0,23.0,28.0,2.0,324.0,571.0,295.0,1127.0,0.0,0.0,34.995066774727796,38.01378143133462,46303,0,633,1791,11,DAVIS
607,110607,683.0,1695.0470054789346,2.481767211535775,506.0,114.0,5.0,387.0,565.0086770696237,58.0,56.0,1.0,4.0,87.0,70.0,14.0,216.0,1.002247191011236,0.0,28.995912470488744,29.010517408123796,43857,368,0,0,11,DAVIS
608,110608,0.0,0.0,0.0,1379.0,963.0,41.0,375.0,1379.0,603.0,360.0,41.0,0.0,81.0,44.0,20.0,230.0,0.0,0.0,0.0,0.0,54776,0,0,0,11,DAVIS
609,110609,892.0,2120.812884942377,2.377592920338988,1133.0,382.0,37.0,714.0,1294.9963037189416,181.0,201.0,27.0,10.0,225.0,39.0,146.0,304.0,0.0,0.0,123.98252228760704,38.01378143133462,51318,0,0,0,11,DAVIS
610,110610,756.0,1832.218439448328,2.4235693643496403,1117.0,159.0,93.0,865.0,1266.5807028705512,57.0,102.0,56.0,37.0,247.0,133.0,160.0,325.0,0.0,16.583333333333332,100.98576412135735,32.011605415860735,51286,22,0,0,11,DAVIS
611,110611,1041.0,2483.3373890043454,2.385530633049324,365.0,25.0,12.0,328.0,474.0067957427315,15.0,10.0,12.0,0.0,30.0,24.0,219.0,55.0,0.0,0.0,64.99083829592304,44.015957446808514,35656,0,0,0,11,DAVIS
612,110612,833.0,2336.3679954657096,2.804763499958835,0.0,0.0,0.0,0.0,53.014932616924284,0.0,0.0,0.0,0.0,0.0,0.0,0.0,0.0,2.004494382022472,0.0,15.997744811304134,35.01269342359768,64427,0,0,0,11,DAVIS
613,110613,370.0,1025.222860381636,2.770872595626044,0.0,0.0,0.0,0.0,26.004393214995453,0.0,0.0,0.0,0.0,0.0,0.0,0.0,0.0,0.0,0.0,9.998590507065083,16.005802707930368,77884,0,0,0,11,DAVIS
614,110614,394.0,1105.3879841299831,2.805553259213155,1982.0,43.0,1.0,1938.0,2008.0048968335348,14.0,29.0,0.0,1.0,33.0,56.0,1791.0,58.0,0.0,0.0,8.998731456358575,17.006165377176014,63524,0,0,0,11,DAVIS
615,110615,550.0,1552.5312299263178,2.822784054411487,223.0,12.0,59.0,152.0,272.00467671101916,12.0,0.0,0.0,59.0,13.0,84.0,8.0,47.0,0.0,0.0,25.99633531836922,23.008341392649903,67727,916,0,0,11,DAVIS
616,110616,510.0,1600.630304175326,3.13849079250064,85.0,6.0,10.0,69.0,134.00417309248,6.0,0.0,0.0,10.0,12.0,23.0,3.0,31.0,0.0,0.0,26.996194369075727,22.007978723404257,100263,0,0,0,11,DAVIS
617,110617,0.0,0.0,0.0,0.0,0.0,0.0,0.0,7.015730337078653,0.0,0.0,0.0,0.0,0.0,0.0,0.0,0.0,7.015730337078653,0.0,0.0,0.0,79533,635,0,0,11,DAVIS
618,110618,1815.0,4860.678669941432,2.678059873245968,1717.0,149.0,368.0,1200.0,1917.0273057509485,85.0,64.0,45.0,323.0,249.0,167.0,42.0,742.0,7.015730337078653,0.0,115.98364988195497,77.02792553191489,79533,0,0,0,11,DAVIS
619,110619,483.0,1347.6648025694317,2.7901962786116594,1100.0,168.0,251.0,681.0,1260.0381750487627,151.0,17.0,10.0,241.0,73.0,69.0,0.0,539.0,21.04719101123596,0.0,117.98336798336798,21.007616054158607,69478,0,0,0,11,DAVIS
620,110620,3.0,4.453617986019271,1.4845393286730904,722.0,54.0,273.0,395.0,723.0022471910113,54.0,0.0,189.0,84.0,68.0,61.0,77.0,189.0,1.002247191011236,0.0,0.0,0.0,69478,0,0,0,11,DAVIS
621,110621,825.0,2388.029964103533,2.894581774670949,907.0,133.0,193.0,581.0,963.0168979093487,133.0,0.0,27.0,166.0,35.0,157.0,2.0,387.0,3.0067415730337084,0.0,17.99746291271715,35.01269342359768,69478,0,0,0,11,DAVIS
622,110622,451.0,1266.608955223881,2.8084455769930834,292.0,26.0,162.0,104.0,325.00491742555846,17.0,9.0,74.0,88.0,39.0,28.0,2.0,35.0,0.0,0.0,13.998026709891118,19.00689071566731,71521,0,0,0,11,DAVIS
623,110623,338.0,954.8556962025316,2.825016852670212,952.0,102.0,22.0,828.0,966.005077369439,82.0,20.0,5.0,17.0,617.0,93.0,24.0,94.0,0.0,0.0,0.0,14.005077369439071,48775,1166,218,218,11,DAVIS
624,110624,348.0,1008.299112034763,2.897411241479204,481.0,43.0,306.0,132.0,503.00445339363023,36.0,7.0,191.0,115.0,7.0,14.0,1.0,110.0,0.0,0.0,6.999013354945559,15.00544003868472,71521,0,0,0,11,DAVIS
625,110625,342.0,1016.3156244095976,2.971683112308765,292.0,162.0,38.0,92.0,316.0041714950433,51.0,111.0,2.0,36.0,19.0,47.0,3.0,23.0,0.0,0.0,8.998731456358575,15.00544003868472,58459,0,0,0,11,DAVIS
626,110626,901.0,2176.037747969016,2.415136235259729,4313.0,1431.0,178.0,2704.0,4392.008002510302,706.0,725.0,50.0,128.0,1012.0,208.0,290.0,1194.0,0.0,0.0,40.994221078966845,38.01378143133462,53725,0,41,1554,11,DAVIS
627,110627,1836.0,4466.978839977329,2.432995010880898,2101.0,586.0,83.0,1432.0,2634.9640153233286,381.0,205.0,9.0,74.0,430.0,126.0,325.0,551.0,0.0,0.0,455.9357271221678,78.02828820116055,41903,288,0,0,11,DAVIS
628,110628,617.0,1564.110636689968,2.535025343095572,2598.0,171.0,91.0,2336.0,2633.0081608567457,33.0,138.0,28.0,63.0,435.0,315.0,41.0,1545.0,0.0,0.0,8.998731456358575,26.009429400386846,39322,0,665,0,11,DAVIS
629,110629,501.0,1253.248101265823,2.5014932160994467,271.0,18.0,8.0,245.0,302.00620656122373,17.0,1.0,3.0,5.0,18.0,53.0,21.0,153.0,0.0,0.0,9.998590507065083,21.007616054158607,79307,503,0,0,11,DAVIS
630,110630,915.0,2649.0119780842624,2.8950950580155874,815.0,27.0,8.0,780.0,946.0011767655791,27.0,0.0,7.0,1.0,37.0,308.0,33.0,402.0,0.0,0.0,91.98703266499876,39.01414410058028,79437,598,14,1555,11,DAVIS
631,110631,636.0,1854.4865293784244,2.915859322922051,83.0,1.0,0.0,82.0,193.99795232897918,1.0,0.0,0.0,0.0,3.0,52.0,1.0,26.0,0.0,0.0,83.9881602593467,27.009792069632496,82114,0,816,0,11,DAVIS
632,110632,1324.0,3354.4650670697147,2.53358388751489,665.0,187.0,25.0,453.0,766.0163548998539,158.0,29.0,2.0,23.0,50.0,80.0,41.0,282.0,1.002247191011236,0.0,43.993798231086366,56.020309477756285,57657,0,1107,0,11,DAVIS
633,110633,513.0,1293.3306631399962,2.521112403781669,529.0,66.0,3.0,460.0,556.0072739769367,37.0,29.0,2.0,1.0,94.0,12.0,1.0,353.0,0.0,0.0,4.999295253532542,22.007978723404257,46815,0,0,0,11,DAVIS
634,110634,752.0,1961.373361042887,2.6082092567059667,4869.0,491.0,53.0,4325.0,4980.000470421674,188.0,303.0,48.0,5.0,1140.0,201.0,68.0,2916.0,0.0,0.0,78.98886500581416,32.011605415860735,55754,0,0,0,11,DAVIS
635,110635,545.0,1427.8299263177782,2.6198714244362904,118.0,7.0,51.0,60.0,141.0083413926499,7.0,0.0,0.0,51.0,11.0,31.0,0.0,18.0,0.0,0.0,0.0,23.008341392649903,68702,478,0,0,11,DAVIS
636,110636,938.0,2646.3398072926507,2.821257790290672,35.0,0.0,0.0,35.0,156.0030898770531,0.0,0.0,0.0,0.0,2.0,1.0,3.0,29.0,0.0,0.0,80.98858310722719,40.01450676982592,70608,0,0,0,11,DAVIS
637,110637,749.0,2094.981900623465,2.797038585612103,201.0,9.0,22.0,170.0,264.0072359877625,9.0,0.0,0.0,22.0,8.0,36.0,0.0,126.0,0.0,0.0,30.99563057190176,32.011605415860735,62536,699,0,0,11,DAVIS
638,110638,327.0,978.9052333270356,2.993593985709589,7.0,0.0,0.0,7.0,146.9873177584591,0.0,0.0,0.0,0.0,2.0,0.0,1.0,4.0,0.0,0.0,125.98224038902005,14.005077369439071,88237,0,0,0,11,DAVIS
639,110639,596.0,1814.4039675042509,3.0443019588997497,0.0,0.0,0.0,0.0,475.9454985997765,0.0,0.0,0.0,0.0,0.0,0.0,0.0,0.0,0.0,0.0,450.9364318686353,25.0090667311412,88226,0,0,0,11,DAVIS
640,110640,0.0,0.0,0.0,13.0,0.0,12.0,1.0,13.0,0.0,0.0,11.0,1.0,0.0,1.0,0.0,0.0,0.0,0.0,0.0,0.0,50805,0,0,0,11,DAVIS
641,110641,1541.0,4061.699603249575,2.6357557451327547,2837.0,257.0,401.0,2179.0,2956.0164658576577,183.0,74.0,149.0,252.0,1393.0,262.0,109.0,415.0,0.0,0.0,52.99252968744494,66.02393617021276,50805,1552,133,133,11,DAVIS
642,110642,442.0,1124.093179671264,2.543197239075257,564.0,2.0,254.0,308.0,583.0068907156673,2.0,0.0,125.0,129.0,123.0,60.0,1.0,124.0,0.0,0.0,0.0,19.00689071566731,50805,745,319,0,11,DAVIS
643,110643,0.0,0.0,0.0,3879.0,262.0,2213.0,1404.0,3883.1458333333335,236.0,26.0,1126.0,1087.0,268.0,149.0,35.0,952.0,0.0,4.145833333333333,0.0,0.0,50805,0,0,0,11,DAVIS
644,110644,137.0,338.4749669374646,2.470620196623829,3401.0,26.0,2568.0,807.0,3490.9210898731517,18.0,8.0,1258.0,1310.0,81.0,319.0,9.0,398.0,1.002247191011236,82.91666666666666,0.0,6.002176015473888,50805,0,0,0,11,DAVIS
645,110645,0.0,0.0,0.0,700.0,22.0,533.0,145.0,825.98224038902,22.0,0.0,432.0,101.0,9.0,58.0,1.0,77.0,0.0,0.0,125.98224038902005,0.0,50805,0,0,0,11,DAVIS
646,110646,0.0,0.0,0.0,787.0,29.0,417.0,341.0,787.0,22.0,7.0,400.0,17.0,108.0,44.0,26.0,163.0,0.0,0.0,0.0,0.0,50805,0,0,0,11,DAVIS
647,110647,1555.0,4026.070659361421,2.5891129642195634,459.0,183.0,28.0,248.0,803.9846113173286,97.0,86.0,25.0,3.0,62.0,8.0,13.0,165.0,0.0,0.0,278.96067514711586,66.02393617021276,52702,7,0,0,11,DAVIS
648,110648,449.0,1119.6395616852446,2.493629313330166,154.0,23.0,7.0,124.0,191.00435362838445,23.0,0.0,5.0,2.0,49.0,44.0,2.0,29.0,0.0,0.0,17.99746291271715,19.00689071566731,44088,515,0,0,11,DAVIS
649,110649,715.0,1754.7254864915928,2.454161519568661,181.0,80.0,9.0,92.0,264.00340976481436,78.0,2.0,5.0,4.0,77.0,0.0,1.0,14.0,0.0,0.0,52.99252968744494,30.01088007736944,44088,724,0,0,11,DAVIS
650,110650,1519.0,4605.040997543926,3.0316267264936974,163.0,13.0,35.0,115.0,356.0055319914002,9.0,4.0,0.0,35.0,1.0,6.0,16.0,92.0,0.0,0.0,127.98195849043307,65.02357350096712,85570,0,0,0,11,DAVIS
651,110651,436.0,1067.9775930474211,2.449489892310599,7.0,1.0,0.0,6.0,52.00322603403653,1.0,0.0,0.0,0.0,1.0,0.0,1.0,4.0,0.0,0.0,25.99633531836922,19.00689071566731,83281,0,0,0,11,DAVIS
652,110652,749.0,1934.6516531267716,2.5829795101826054,4639.0,1727.0,62.0,2850.0,4671.011605415861,1664.0,63.0,7.0,55.0,654.0,283.0,601.0,1312.0,0.0,0.0,0.0,32.011605415860735,111656,0,0,0,11,DAVIS
653,110653,1601.0,4368.999244284905,2.7289189533322333,435.0,72.0,15.0,348.0,1426.8944243615178,61.0,11.0,5.0,10.0,58.0,20.0,25.0,245.0,0.0,0.0,923.8697628528138,68.02466150870406,87953,0,0,0,11,DAVIS
654,110654,1124.0,3180.773965614964,2.8298700761698963,57.0,0.0,0.0,57.0,179.0069778760727,0.0,0.0,0.0,0.0,2.0,2.0,6.0,47.0,0.0,0.0,73.98956975228162,48.0174081237911,111826,0,0,0,11,DAVIS
655,350655,0.0,0.0,0.0,999.0,332.0,357.0,310.0,999.0,21.0,311.0,267.0,90.0,71.0,119.0,50.0,70.0,0.0,0.0,0.0,0.0,33251,0,0,0,35,SALT LAKE
656,350656,0.0,0.0,0.0,44.0,33.0,0.0,11.0,44.0,0.0,33.0,0.0,0.0,2.0,2.0,1.0,6.0,0.0,0.0,0.0,0.0,33251,0,0,0,35,SALT LAKE
657,350657,18.0,40.76371607559036,2.264650893088353,1284.0,150.0,759.0,375.0,1566.220538470593,28.0,122.0,420.0,339.0,77.0,114.0,61.0,123.0,54.23773584905661,0.0,226.98293666080977,0.9998659607264928,33251,0,0,0,35,SALT LAKE
658,350658,31.0,54.05623218719591,1.7437494253934165,2525.0,1101.0,337.0,1087.0,2526.999731921453,82.0,1019.0,54.0,283.0,261.0,200.0,368.0,258.0,0.0,0.0,0.0,1.9997319214529856,33251,0,0,0,35,SALT LAKE
659,350659,73.0,124.06348370831849,1.6994997768262805,2428.0,540.0,572.0,1316.0,2453.087380118098,44.0,496.0,95.0,477.0,252.0,286.0,547.0,231.0,20.088050314465413,0.0,0.0,4.999329803632464,33251,0,0,0,35,SALT LAKE
660,350660,5.0,15.06485159315296,3.012970318630592,240.0,2.0,210.0,28.0,449.0424996009607,2.0,0.0,118.0,92.0,0.0,20.0,0.0,8.0,13.057232704402518,0.0,195.98526689655822,0.0,33251,0,0,0,35,SALT LAKE
661,350661,0.0,0.0,0.0,0.0,0.0,0.0,0.0,26.114465408805035,0.0,0.0,0.0,0.0,0.0,0.0,0.0,0.0,26.114465408805035,0.0,0.0,0.0,33251,0,0,0,35,SALT LAKE
662,350662,10.0,17.723354815474067,1.7723354815474068,5222.0,299.0,4071.0,852.0,5222.999865960726,293.0,6.0,1028.0,3043.0,78.0,427.0,15.0,332.0,0.0,0.0,0.0,0.9998659607264928,48032,0,0,0,35,SALT LAKE
663,350663,0.0,0.0,0.0,116.0,0.0,110.0,6.0,159.18930817610064,0.0,0.0,4.0,106.0,1.0,4.0,0.0,1.0,43.18930817610063,0.0,0.0,0.0,48032,0,0,0,35,SALT LAKE
664,350664,21.0,51.3977289648748,2.447510903089276,31.0,2.0,24.0,5.0,32.999731921452984,0.0,2.0,1.0,23.0,0.0,1.0,2.0,2.0,0.0,0.0,0.0,1.9997319214529856,33251,0,0,0,35,SALT LAKE
665,350665,43.0,81.52743215118072,1.8959867942135047,1494.0,349.0,74.0,1071.0,2156.976852519116,8.0,341.0,12.0,62.0,169.0,221.0,629.0,52.0,6.026415094339623,0.0,653.9508395425974,2.9995978821794784,33251,0,0,0,35,SALT LAKE
666,350666,20.0,37.21904511249554,1.860952255624777,1406.0,375.0,207.0,824.0,1571.0188820542571,61.0,314.0,106.0,101.0,230.0,125.0,325.0,144.0,7.030817610062893,0.0,156.98819848346756,0.9998659607264928,33251,0,0,0,35,SALT LAKE
667,350667,3.0,4.0,1.3333333333333333,0.0,0.0,0.0,0.0,0.0,0.0,0.0,0.0,0.0,0.0,0.0,0.0,0.0,0.0,0.0,0.0,0.0,33251,0,0,0,35,SALT LAKE
668,350668,0.0,0.0,0.0,3000.0,19.0,2716.0,265.0,3001.004402515723,14.0,5.0,2373.0,343.0,40.0,191.0,1.0,33.0,1.0044025157232706,0.0,0.0,0.0,33251,0,0,0,35,SALT LAKE
669,350669,0.0,0.0,0.0,15303.0,826.0,4086.0,10391.0,15349.99646706193,223.0,603.0,2899.0,1187.0,3281.0,2476.0,4.0,4630.0,0.0,0.0,46.99646706192978,0.0,48032,0,0,0,35,SALT LAKE
670,350670,0.0,0.0,0.0,197.0,2.0,101.0,94.0,197.0,1.0,1.0,9.0,92.0,0.0,69.0,0.0,25.0,0.0,0.0,0.0,0.0,33251,0,0,0,35,SALT LAKE
671,350671,0.0,0.0,0.0,14468.0,1741.0,2330.0,10397.0,23379.33009480677,73.0,1668.0,1638.0,692.0,277.0,8454.0,0.0,1666.0,0.0,0.0,8911.33009480677,0.0,33251,0,0,0,35,SALT LAKE
672,350672,0.0,0.0,0.0,0.0,0.0,0.0,0.0,0.0,0.0,0.0,0.0,0.0,0.0,0.0,0.0,0.0,0.0,0.0,0.0,0.0,33251,0,0,0,35,SALT LAKE
673,350673,0.0,0.0,0.0,58027.0,6267.0,6261.0,45499.0,58027.0,4420.0,1847.0,3491.0,2770.0,6150.0,25254.0,4.0,14091.0,0.0,0.0,0.0,0.0,33251,0,0,0,35,SALT LAKE
674,350674,0.0,0.0,0.0,28876.0,130.0,1412.0,27334.0,28876.0,2.0,128.0,493.0,919.0,7920.0,10531.0,24.0,8859.0,0.0,0.0,0.0,0.0,33251,0,0,0,35,SALT LAKE
675,350675,0.0,0.0,0.0,3308.0,1266.0,252.0,1790.0,3308.0,251.0,1015.0,161.0,91.0,556.0,455.0,395.0,384.0,0.0,0.0,0.0,0.0,33251,0,0,0,35,SALT LAKE
676,350676,7.0,12.406348370831848,1.7723354815474068,626.0,370.0,100.0,156.0,2398.8666666785894,129.0,241.0,15.0,85.0,22.0,68.0,38.0,28.0,0.0,0.0,1771.866800717863,0.9998659607264928,33251,0,0,0,35,SALT LAKE
677,350677,0.0,0.0,0.0,4096.0,835.0,865.0,2396.0,4096.0,182.0,653.0,134.0,731.0,623.0,462.0,902.0,409.0,0.0,0.0,0.0,0.0,33251,0,0,0,35,SALT LAKE
678,350678,7.0,9.0,1.2857142857142858,3949.0,1038.0,2304.0,607.0,8676.644542593536,309.0,729.0,59.0,2245.0,156.0,206.0,149.0,96.0,0.0,0.0,4726.64467663281,0.9998659607264928,33251,0,0,0,35,SALT LAKE
679,350679,0.0,0.0,0.0,0.0,0.0,0.0,0.0,0.0,0.0,0.0,0.0,0.0,0.0,0.0,0.0,0.0,0.0,0.0,0.0,0.0,33251,0,0,0,35,SALT LAKE
680,350680,22.0,46.96689026100629,2.134858648227558,55.0,2.0,15.0,38.0,56.999731921452984,2.0,0.0,11.0,4.0,1.0,22.0,0.0,15.0,0.0,0.0,0.0,1.9997319214529856,33251,0,0,0,35,SALT LAKE
681,350681,1.0,1.0,1.0,367.0,1.0,86.0,280.0,367.0,1.0,0.0,19.0,67.0,21.0,35.0,0.0,224.0,0.0,0.0,0.0,0.0,33251,0,0,0,35,SALT LAKE
682,350682,0.0,0.0,0.0,0.0,0.0,0.0,0.0,0.0,0.0,0.0,0.0,0.0,0.0,0.0,0.0,0.0,0.0,0.0,0.0,0.0,33251,0,0,0,35,SALT LAKE
683,350683,0.0,0.0,0.0,20.0,0.0,12.0,8.0,20.0,0.0,0.0,0.0,12.0,0.0,7.0,0.0,1.0,0.0,0.0,0.0,0.0,33251,0,0,0,35,SALT LAKE
684,350684,4.0,4.0,1.0,120.0,2.0,104.0,14.0,127.0308176100629,2.0,0.0,76.0,28.0,1.0,4.0,0.0,9.0,7.030817610062893,0.0,0.0,0.0,33251,0,0,0,35,SALT LAKE
685,350685,0.0,0.0,0.0,284.0,18.0,244.0,22.0,328.99661739972,18.0,0.0,3.0,241.0,1.0,4.0,0.0,17.0,0.0,0.0,44.996617399719995,0.0,55447,0,0,0,35,SALT LAKE
686,350686,0.0,0.0,0.0,159.0,0.0,107.0,52.0,159.0,0.0,0.0,58.0,49.0,1.0,31.0,0.0,20.0,0.0,0.0,0.0,0.0,33251,0,0,0,35,SALT LAKE
687,350687,0.0,0.0,0.0,708.0,13.0,198.0,497.0,708.0,9.0,4.0,49.0,149.0,3.0,361.0,0.0,133.0,0.0,0.0,0.0,0.0,69092,0,0,0,35,SALT LAKE
688,350688,0.0,0.0,0.0,0.0,0.0,0.0,0.0,0.0,0.0,0.0,0.0,0.0,0.0,0.0,0.0,0.0,0.0,0.0,0.0,0.0,69092,0,0,0,35,SALT LAKE
689,350689,0.0,0.0,0.0,0.0,0.0,0.0,0.0,0.0,0.0,0.0,0.0,0.0,0.0,0.0,0.0,0.0,0.0,0.0,0.0,0.0,69092,0,0,0,35,SALT LAKE
690,350690,0.0,0.0,0.0,0.0,0.0,0.0,0.0,0.0,0.0,0.0,0.0,0.0,0.0,0.0,0.0,0.0,0.0,0.0,0.0,0.0,69092,0,0,0,35,SALT LAKE
691,350691,21.0,41.64988381636406,1.983327800779241,1.0,0.0,0.0,1.0,2.9997319214529856,0.0,0.0,0.0,0.0,0.0,0.0,1.0,0.0,0.0,0.0,0.0,1.9997319214529856,69092,0,0,0,35,SALT LAKE
692,350692,0.0,0.0,0.0,0.0,0.0,0.0,0.0,0.0,0.0,0.0,0.0,0.0,0.0,0.0,0.0,0.0,0.0,0.0,0.0,0.0,69092,0,0,0,35,SALT LAKE
693,350693,0.0,0.0,0.0,0.0,0.0,0.0,0.0,0.0,0.0,0.0,0.0,0.0,0.0,0.0,0.0,0.0,0.0,0.0,0.0,0.0,69092,0,0,0,35,SALT LAKE
694,350694,0.0,0.0,0.0,0.0,0.0,0.0,0.0,0.0,0.0,0.0,0.0,0.0,0.0,0.0,0.0,0.0,0.0,0.0,0.0,0.0,69092,0,0,0,35,SALT LAKE
695,350695,1389.0,3355.031066569241,2.4154291335991656,281.0,22.0,52.0,207.0,430.9828376278937,14.0,8.0,6.0,46.0,1.0,51.0,6.0,149.0,0.0,0.0,49.99624155524444,99.98659607264928,33251,0,0,0,35,SALT LAKE
696,350696,1583.0,3853.0573368840624,2.4340223227315616,455.0,59.0,11.0,385.0,581.9837423271838,13.0,46.0,7.0,4.0,16.0,308.0,16.0,45.0,0.0,0.0,12.999022804363555,113.9847195228202,36711,579,931,1812,35,SALT LAKE
697,350697,1037.0,3021.8319960383287,2.9140134966618407,24.0,3.0,1.0,20.0,98.98994705448696,0.0,3.0,0.0,1.0,1.0,2.0,0.0,17.0,0.0,0.0,0.0,74.98994705448696,46623,753,0,0,35,SALT LAKE
698,350698,660.0,1930.073339405126,2.924353544553221,238.0,115.0,21.0,102.0,285.99356611487167,6.0,109.0,15.0,6.0,2.0,70.0,2.0,28.0,0.0,0.0,0.0,47.993566114871655,69092,0,0,0,35,SALT LAKE
699,350699,962.0,2579.6342933922506,2.681532529513774,0.0,0.0,0.0,0.0,68.990751290128,0.0,0.0,0.0,0.0,0.0,0.0,0.0,0.0,0.0,0.0,0.0,68.990751290128,38904,0,0,0,35,SALT LAKE
700,350700,14.0,35.446709630948135,2.5319078307820098,48.0,0.0,5.0,43.0,75.11433136953153,0.0,0.0,0.0,5.0,0.0,3.0,0.0,40.0,26.114465408805035,0.0,0.0,0.9998659607264928,57201,0,0,0,35,SALT LAKE
701,350701,877.0,2375.815713014299,2.7090258985339783,32.0,0.0,0.0,32.0,97.00036055721557,0.0,0.0,0.0,0.0,0.0,32.0,0.0,0.0,2.008805031446541,0.0,0.0,62.99155552576904,57201,351,151,0,35,SALT LAKE
702,350702,414.0,1144.0425533388511,2.763387809997225,129.0,8.0,1.0,120.0,158.99597882179478,8.0,0.0,0.0,1.0,0.0,33.0,85.0,2.0,0.0,0.0,0.0,29.995978821794782,38904,683,15,50,35,SALT LAKE
703,350703,812.0,2283.6542679738336,2.812382103416051,0.0,0.0,0.0,0.0,57.99222572213658,0.0,0.0,0.0,0.0,0.0,0.0,0.0,0.0,0.0,0.0,0.0,57.99222572213658,57201,0,0,0,35,SALT LAKE
704,350704,789.0,2195.0374938964637,2.782050055635568,169.0,80.0,11.0,78.0,225.99235976141009,45.0,35.0,0.0,11.0,0.0,4.0,48.0,26.0,0.0,0.0,0.0,56.99235976141009,48040,0,0,0,35,SALT LAKE
705,350705,1296.0,3600.499530763557,2.778163218181757,122.0,36.0,11.0,75.0,246.98960662753865,33.0,3.0,1.0,10.0,7.0,52.0,1.0,15.0,1.0044025157232706,0.0,30.997669764251555,92.98753434756384,49401,501,0,0,35,SALT LAKE
706,350706,60.0,156.8516901169455,2.614194835282425,843.0,15.0,486.0,342.0,936.0420283420433,14.0,1.0,366.0,120.0,2.0,144.0,0.0,196.0,11.048427672955976,0.0,77.99413682618133,3.9994638429059712,55447,0,0,0,35,SALT LAKE
707,350707,288.0,803.754140881749,2.79081298917274,0.0,0.0,0.0,0.0,20.997185175256348,0.0,0.0,0.0,0.0,0.0,0.0,0.0,0.0,0.0,0.0,0.0,20.997185175256348,55447,0,0,0,35,SALT LAKE
708,350708,42.0,105.4539611520707,2.5108085988588265,0.0,0.0,0.0,0.0,9.026012976519102,0.0,0.0,0.0,0.0,0.0,0.0,0.0,0.0,6.026415094339623,0.0,0.0,2.9995978821794784,55447,0,0,0,35,SALT LAKE
709,350709,512.0,1505.5989915745222,2.9406230304189886,93.0,0.0,0.0,93.0,130.99944306260352,0.0,0.0,0.0,0.0,26.0,60.0,0.0,7.0,1.0044025157232706,0.0,0.0,36.99504054688023,55447,785,0,0,35,SALT LAKE
710,350710,371.0,1066.945959891539,2.8758651210014525,0.0,0.0,0.0,0.0,26.996380939615307,0.0,0.0,0.0,0.0,0.0,0.0,0.0,0.0,0.0,0.0,0.0,26.996380939615307,63528,0,0,0,35,SALT LAKE
711,350711,1116.0,3243.3739312317543,2.9062490423223606,54.0,42.0,3.0,9.0,133.9892768581194,7.0,35.0,0.0,3.0,2.0,1.0,1.0,5.0,0.0,0.0,0.0,79.98927685811942,55447,0,0,0,35,SALT LAKE
712,350712,729.0,2157.818448783968,2.9599704372893934,2.0,0.0,0.0,2.0,135.00037433112877,0.0,0.0,0.0,0.0,0.0,1.0,1.0,0.0,3.013207547169812,0.0,77.99413682618133,51.99302995777762,67929,551,0,0,35,SALT LAKE
713,350713,0.0,0.0,0.0,0.0,0.0,0.0,0.0,0.0,0.0,0.0,0.0,0.0,0.0,0.0,0.0,0.0,0.0,0.0,0.0,0.0,69092,0,0,0,35,SALT LAKE
714,350714,0.0,0.0,0.0,0.0,0.0,0.0,0.0,0.0,0.0,0.0,0.0,0.0,0.0,0.0,0.0,0.0,0.0,0.0,0.0,0.0,69092,0,0,0,35,SALT LAKE
715,350715,741.0,1918.553158775068,2.5891405651485395,12140.0,6526.0,3511.0,2103.0,12196.006103465674,183.0,6343.0,1816.0,1695.0,86.0,1532.0,22.0,463.0,3.013207547169812,0.0,0.0,52.99289591850412,69092,0,0,0,35,SALT LAKE
716,350716,1.0,1.0,1.0,6.0,0.0,2.0,4.0,6.0,0.0,0.0,0.0,2.0,4.0,0.0,0.0,0.0,0.0,0.0,0.0,0.0,69092,0,0,0,35,SALT LAKE
717,350717,218.0,702.7310184335469,3.2235367818052607,869.0,446.0,0.0,423.0,884.9978553716239,270.0,176.0,0.0,0.0,31.0,2.0,62.0,328.0,0.0,0.0,0.0,15.997855371623883,59941,0,0,0,35,SALT LAKE
718,350718,605.0,1971.72322322149,3.259046649952876,550.0,212.0,79.0,259.0,593.9941022719656,212.0,0.0,1.0,78.0,6.0,140.0,16.0,97.0,0.0,0.0,0.0,43.99410227196569,48221,564,1163,0,35,SALT LAKE
719,350719,440.0,1470.152281943574,3.3412551862353954,287.0,52.0,84.0,151.0,318.99571074324774,52.0,0.0,18.0,66.0,1.0,108.0,27.0,15.0,0.0,0.0,0.0,31.99571074324777,46568,0,0,0,35,SALT LAKE
720,350720,326.0,1074.9214695585022,3.2973051213450986,0.0,0.0,0.0,0.0,22.996917096709332,0.0,0.0,0.0,0.0,0.0,0.0,0.0,0.0,0.0,0.0,0.0,22.996917096709332,59941,0,0,0,35,SALT LAKE
721,350721,804.0,2374.0433775327515,2.952790270563124,0.0,0.0,0.0,0.0,57.99222572213658,0.0,0.0,0.0,0.0,0.0,0.0,0.0,0.0,0.0,0.0,0.0,57.99222572213658,69159,0,0,0,35,SALT LAKE
722,350722,82.0,224.20043841574696,2.7341516879969143,246.0,12.0,162.0,72.0,264.0520259530382,12.0,0.0,153.0,9.0,0.0,5.0,0.0,67.0,12.052830188679248,0.0,0.0,5.999195764358957,63014,0,0,0,35,SALT LAKE
723,350723,858.0,2750.6646673615755,3.205902875712792,325.0,44.0,60.0,221.0,386.9916895650426,44.0,0.0,39.0,21.0,1.0,84.0,0.0,136.0,0.0,0.0,0.0,61.99168956504256,58366,610,0,0,35,SALT LAKE
724,350724,565.0,1806.896023437581,3.19804605918156,13.0,2.0,2.0,9.0,53.99450438978621,1.0,1.0,0.0,2.0,1.0,2.0,0.0,6.0,0.0,0.0,0.0,40.99450438978621,47826,246,105,105,35,SALT LAKE
725,350725,625.0,2031.982629594102,3.251172207350564,0.0,0.0,0.0,0.0,46.60624368179397,0.0,0.0,0.0,0.0,0.0,0.0,0.0,0.0,0.0,1.6122754491017963,0.0,44.993968232692175,47540,0,0,0,35,SALT LAKE
726,350726,1005.0,3119.310447523436,3.1037914900730703,730.0,24.0,66.0,640.0,802.9947516880308,24.0,0.0,4.0,62.0,1.0,226.0,99.0,314.0,1.0044025157232706,0.0,0.0,71.99034917230748,54610,630,640,0,35,SALT LAKE
727,350727,741.0,2726.7381383606853,3.6798085537930976,232.0,1.0,49.0,182.0,284.99289591850413,1.0,0.0,23.0,26.0,0.0,62.0,1.0,119.0,0.0,0.0,0.0,52.99289591850412,64138,610,0,0,35,SALT LAKE
728,350728,0.0,0.0,0.0,1275.0,10.0,392.0,873.0,1275.0,10.0,0.0,3.0,389.0,33.0,98.0,0.0,742.0,0.0,0.0,0.0,0.0,72037,0,0,0,35,SALT LAKE
729,350729,0.0,0.0,0.0,173.0,4.0,54.0,115.0,173.0,3.0,1.0,1.0,53.0,3.0,10.0,0.0,102.0,0.0,0.0,0.0,0.0,72037,0,0,0,35,SALT LAKE
730,350730,230.0,762.1042570653849,3.3134967698494995,223.0,14.0,3.0,206.0,239.99772133235038,14.0,0.0,1.0,2.0,16.0,21.0,18.0,151.0,0.0,0.0,0.0,16.997721332350377,72037,0,0,0,35,SALT LAKE
731,350731,0.0,0.0,0.0,123.0,1.0,8.0,114.0,316.98541723434846,1.0,0.0,2.0,6.0,38.0,1.0,0.0,75.0,0.0,0.0,193.98541723434843,0.0,72037,0,0,0,35,SALT LAKE
732,350732,643.0,2304.9222937524028,3.5846380929275314,13.0,0.0,2.0,11.0,58.99383419341867,0.0,0.0,0.0,2.0,7.0,0.0,0.0,4.0,0.0,0.0,0.0,45.99383419341867,72037,0,0,0,35,SALT LAKE
733,350733,0.0,0.0,0.0,83.0,6.0,0.0,77.0,83.0,6.0,0.0,0.0,0.0,22.0,0.0,0.0,55.0,0.0,0.0,0.0,0.0,72037,0,0,0,35,SALT LAKE
734,350734,0.0,0.0,0.0,1542.0,20.0,1090.0,432.0,1542.0,19.0,1.0,1079.0,11.0,95.0,68.0,0.0,269.0,0.0,0.0,0.0,0.0,72037,0,0,0,35,SALT LAKE
735,350735,0.0,0.0,0.0,829.0,0.0,829.0,0.0,829.0,0.0,0.0,597.0,232.0,0.0,0.0,0.0,0.0,0.0,0.0,0.0,0.0,72037,0,0,0,35,SALT LAKE
736,350736,0.0,0.0,0.0,503.0,5.0,9.0,489.0,890.9708344686969,1.0,4.0,0.0,9.0,19.0,68.0,47.0,355.0,0.0,0.0,387.97083446869686,0.0,48032,0,0,0,35,SALT LAKE
737,350737,283.0,724.8852119528894,2.5614318443565,556.0,18.0,380.0,158.0,587.0457468874858,18.0,0.0,2.0,378.0,9.0,21.0,1.0,127.0,11.048427672955976,0.0,0.0,19.997319214529856,53680,0,0,0,35,SALT LAKE
738,350738,232.0,632.7237669124243,2.7272576160018285,108.0,2.0,6.0,100.0,126.00212384807365,2.0,0.0,0.0,6.0,0.0,92.0,1.0,7.0,1.0044025157232706,0.0,0.0,16.997721332350377,53680,0,864,0,35,SALT LAKE
739,350739,0.0,0.0,0.0,641.0,23.0,136.0,482.0,641.0,23.0,0.0,20.0,116.0,44.0,194.0,0.0,244.0,0.0,0.0,0.0,0.0,53680,0,0,0,35,SALT LAKE
740,350740,0.0,0.0,0.0,171.0,0.0,164.0,7.0,171.0,0.0,0.0,133.0,31.0,2.0,2.0,0.0,3.0,0.0,0.0,0.0,0.0,53680,0,0,0,35,SALT LAKE
741,350741,0.0,0.0,0.0,2633.0,11.0,707.0,1915.0,2633.0,3.0,8.0,0.0,707.0,19.0,63.0,6.0,1827.0,0.0,0.0,0.0,0.0,48032,0,0,0,35,SALT LAKE
742,350742,0.0,0.0,0.0,13318.0,4862.0,6428.0,2028.0,13318.0,154.0,4708.0,0.0,6428.0,134.0,803.0,5.0,1086.0,0.0,0.0,0.0,0.0,48032,0,0,0,35,SALT LAKE
743,350743,0.0,0.0,0.0,0.0,0.0,0.0,0.0,0.0,0.0,0.0,0.0,0.0,0.0,0.0,0.0,0.0,0.0,0.0,0.0,0.0,48032,0,0,0,35,SALT LAKE
744,350744,0.0,0.0,0.0,0.0,0.0,0.0,0.0,0.0,0.0,0.0,0.0,0.0,0.0,0.0,0.0,0.0,0.0,0.0,0.0,0.0,48032,0,0,0,35,SALT LAKE
745,350745,6.0,8.861677407737034,1.476946234622839,1873.0,83.0,831.0,959.0,2368.971671597262,68.0,15.0,455.0,376.0,170.0,383.0,20.0,386.0,2.008805031446541,0.0,493.9628665658151,0.0,53680,0,0,0,35,SALT LAKE
746,350746,0.0,0.0,0.0,2869.0,153.0,1561.0,1155.0,3145.7618371598674,0.0,153.0,1419.0,142.0,159.0,184.0,178.0,634.0,0.0,75.77694610778443,200.98489105208265,0.0,48032,0,0,0,35,SALT LAKE
747,350747,0.0,0.0,0.0,11.0,0.0,1.0,10.0,11.0,0.0,0.0,1.0,0.0,0.0,0.0,0.0,10.0,0.0,0.0,0.0,0.0,48032,0,0,0,35,SALT LAKE
748,350748,2069.0,6808.426752364363,3.2906847522302383,1116.0,430.0,198.0,488.0,1264.9800281482474,412.0,18.0,5.0,193.0,3.0,204.0,0.0,281.0,0.0,0.0,0.0,148.98002814824744,39247,1374,88,0,35,SALT LAKE
749,350749,166.0,480.3029154993473,2.8933910572249832,67.0,11.0,13.0,43.0,78.99839152871792,8.0,3.0,0.0,13.0,1.0,3.0,0.0,39.0,0.0,0.0,0.0,11.998391528717914,23886,0,0,0,35,SALT LAKE
750,350750,450.0,1290.260230566512,2.867244956814471,174.0,89.0,4.0,81.0,217.99480871650644,33.0,56.0,2.0,2.0,12.0,4.0,25.0,40.0,0.0,0.0,11.999097973258666,31.99571074324777,23971,0,0,0,35,SALT LAKE
751,350751,62.0,153.3070191538507,2.472693857320172,0.0,0.0,0.0,0.0,3.9994638429059712,0.0,0.0,0.0,0.0,0.0,0.0,0.0,0.0,0.0,0.0,0.0,3.9994638429059712,53680,299,0,0,35,SALT LAKE
752,350752,692.0,1762.5876363988962,2.547091960114012,59.0,5.0,0.0,54.0,108.99329803632463,0.0,5.0,0.0,0.0,3.0,43.0,5.0,3.0,0.0,0.0,0.0,49.99329803632464,41455,496,171,171,35,SALT LAKE
753,350753,468.0,1166.1967468581936,2.491873390722636,60.0,2.0,0.0,58.0,93.99544266470076,0.0,2.0,0.0,0.0,0.0,0.0,16.0,42.0,0.0,0.0,0.0,33.995442664700754,52726,0,0,0,35,SALT LAKE
754,350754,817.0,2081.608023077429,2.547867837304075,111.0,27.0,0.0,84.0,169.99209168286308,0.0,27.0,0.0,0.0,10.0,38.0,28.0,8.0,0.0,0.0,0.0,58.99209168286308,39997,0,0,0,35,SALT LAKE
755,350755,1461.0,3633.287737172184,2.4868499227735685,73.0,24.0,0.0,49.0,177.98592587628173,22.0,2.0,0.0,0.0,0.0,3.0,0.0,46.0,0.0,0.0,0.0,104.98592587628174,46879,472,0,0,35,SALT LAKE
756,350756,478.0,1243.2933403055058,2.601032092689343,95.0,34.0,2.0,59.0,128.99544266470076,6.0,28.0,1.0,1.0,1.0,31.0,10.0,17.0,0.0,0.0,0.0,33.995442664700754,31877,516,0,0,35,SALT LAKE
757,350757,1716.0,4234.995633157529,2.467946173168723,2616.0,142.0,64.0,2410.0,2739.9833791300853,87.0,55.0,10.0,54.0,139.0,2142.0,16.0,113.0,0.0,0.0,0.0,123.98337913008513,30732,0,0,0,35,SALT LAKE
758,350758,828.0,2054.1368231134447,2.480841573808508,527.0,82.0,182.0,263.0,718.9820353494349,48.0,34.0,88.0,94.0,64.0,57.0,5.0,137.0,0.0,0.0,131.99007770584532,59.99195764358957,32659,0,0,0,35,SALT LAKE
759,350759,1108.0,2584.065132096119,2.332188747379169,1038.0,99.0,14.0,925.0,1908.9298182620864,50.0,49.0,1.0,13.0,3.0,876.0,13.0,33.0,0.0,0.0,790.940541403967,79.98927685811942,23548,0,0,0,35,SALT LAKE
760,350760,552.0,1341.657959531387,2.430539781759759,350.0,1.0,36.0,313.0,389.9946384290597,1.0,0.0,2.0,34.0,4.0,10.0,2.0,297.0,0.0,0.0,0.0,39.99463842905971,39988,561,0,0,35,SALT LAKE
761,350761,931.0,2276.564926047644,2.445289931307888,61.0,1.0,0.0,60.0,127.99101936867501,1.0,0.0,0.0,0.0,9.0,3.0,47.0,1.0,0.0,0.0,0.0,66.99101936867501,32682,0,0,0,35,SALT LAKE
762,350762,0.0,0.0,0.0,764.0,11.0,53.0,700.0,764.0,7.0,4.0,0.0,53.0,3.0,82.0,0.0,615.0,0.0,0.0,0.0,0.0,39988,0,0,0,35,SALT LAKE
763,350763,175.0,412.06799945977207,2.354674282627269,63.0,12.0,1.0,50.0,75.9982574894444,3.0,9.0,1.0,0.0,1.0,21.0,0.0,28.0,0.0,0.0,0.0,12.998257489444406,38680,0,0,0,35,SALT LAKE
764,350764,221.0,527.2698057603535,2.3858362251599705,400.0,186.0,1.0,213.0,415.99785537162387,98.0,88.0,1.0,0.0,7.0,39.0,2.0,165.0,0.0,0.0,0.0,15.997855371623883,38680,496,0,0,35,SALT LAKE
765,350765,432.0,1027.0684115567224,2.37747317489982,6882.0,351.0,572.0,5959.0,11491.651646411807,280.0,71.0,85.0,487.0,3325.0,211.0,107.0,2316.0,0.0,0.0,4578.655801629286,30.99584478252128,31943,0,0,0,35,SALT LAKE
766,350766,293.0,666.398141061825,2.2743963858765355,1551.0,105.0,564.0,882.0,1571.9971851752564,93.0,12.0,180.0,384.0,318.0,384.0,0.0,180.0,0.0,0.0,0.0,20.997185175256348,43133,0,0,0,35,SALT LAKE
767,350767,97.0,274.71199963984805,2.8320824705138974,469.0,43.0,176.0,250.0,475.9990617250854,25.0,18.0,49.0,127.0,193.0,18.0,2.0,37.0,0.0,0.0,0.0,6.99906172508545,43133,0,0,0,35,SALT LAKE
768,350768,158.0,388.1414704588821,2.456591585182798,459.0,155.0,40.0,264.0,473.998224892411,68.0,87.0,23.0,17.0,38.0,33.0,15.0,178.0,0.0,0.0,3.9996993244195553,10.998525567991422,43133,0,0,0,35,SALT LAKE
769,350769,89.0,233.9482835642577,2.628632399598401,345.0,16.0,129.0,200.0,350.99919576435894,10.0,6.0,17.0,112.0,53.0,19.0,80.0,48.0,0.0,0.0,0.0,5.999195764358957,43133,0,0,0,35,SALT LAKE
770,350770,5.0,6.0,1.2,4403.0,341.0,1736.0,2326.0,4433.997669764251,340.0,1.0,150.0,1586.0,764.0,343.0,28.0,1191.0,0.0,0.0,30.997669764251555,0.0,33251,0,0,0,35,SALT LAKE
771,350771,3.0,6.203174185415924,2.067724728471975,2405.0,37.0,1110.0,1258.0,2424.03439326794,5.0,32.0,93.0,1017.0,108.0,479.0,1.0,670.0,8.035220125786164,0.0,10.999173142153778,0.0,54363,0,0,0,35,SALT LAKE
772,350772,0.0,0.0,0.0,2946.0,89.0,1146.0,1711.0,4263.914360450099,84.0,5.0,100.0,1046.0,862.0,201.0,6.0,642.0,3.013207547169812,0.0,1314.9011529029287,0.0,54363,0,0,0,35,SALT LAKE
773,350773,0.0,0.0,0.0,822.0,278.0,347.0,197.0,822.0,278.0,0.0,297.0,50.0,27.0,65.0,0.0,105.0,0.0,0.0,0.0,0.0,33251,0,0,0,35,SALT LAKE
774,350774,0.0,0.0,0.0,117.0,87.0,20.0,10.0,122.99954898662934,87.0,0.0,0.0,20.0,4.0,2.0,0.0,4.0,0.0,0.0,5.999548986629333,0.0,54363,0,0,0,35,SALT LAKE
775,350775,1.0,1.7723354815474068,1.7723354815474068,303.0,103.0,92.0,108.0,460.9881233145725,103.0,0.0,29.0,63.0,8.0,3.0,0.0,97.0,0.0,0.0,157.98812331457245,0.0,54363,0,0,0,35,SALT LAKE
776,350776,2.0,4.430838703868517,2.2154193519342584,2645.0,542.0,1785.0,318.0,3400.943172315296,542.0,0.0,242.0,1543.0,180.0,5.0,0.0,133.0,0.0,0.0,755.943172315296,0.0,54363,0,0,0,35,SALT LAKE
777,350777,0.0,0.0,0.0,1512.0,17.0,707.0,788.0,1583.056641605117,17.0,0.0,386.0,321.0,63.0,202.0,2.0,521.0,0.0,8.061377245508982,62.995264359607994,0.0,54363,0,0,0,35,SALT LAKE
778,350778,2.0,4.430838703868517,2.2154193519342584,414.0,0.0,328.0,86.0,468.9958657107689,0.0,0.0,78.0,250.0,9.0,42.0,0.0,35.0,0.0,0.0,54.99586571076889,0.0,54363,0,0,0,35,SALT LAKE
779,350779,4.0,5.0,1.25,2252.0,5.0,749.0,1498.0,2366.991355577062,1.0,4.0,528.0,221.0,147.0,156.0,258.0,937.0,0.0,0.0,114.99135557706222,0.0,54363,0,0,0,35,SALT LAKE
780,350780,4.0,15.95101933392666,3.987754833481665,4013.0,383.0,2508.0,1122.0,4031.998571790993,380.0,3.0,1035.0,1473.0,145.0,504.0,1.0,472.0,0.0,0.0,18.998571790992887,0.0,54363,0,0,0,35,SALT LAKE
781,350781,1.0,2.6585032223211105,2.6585032223211105,547.0,9.0,395.0,143.0,1659.9163370197414,9.0,0.0,173.0,222.0,6.0,1.0,0.0,136.0,0.0,0.0,1112.9163370197414,0.0,54363,0,0,0,35,SALT LAKE
782,350782,0.0,0.0,0.0,3492.0,213.0,2399.0,880.0,3594.9922576038034,210.0,3.0,1150.0,1249.0,179.0,234.0,1.0,466.0,0.0,0.0,102.99225760380355,0.0,54363,0,0,0,35,SALT LAKE
783,350783,1.0,2.6585032223211105,2.6585032223211105,1408.0,98.0,734.0,576.0,1449.9968429064054,44.0,54.0,576.0,158.0,91.0,167.0,0.0,318.0,0.0,0.0,41.996842906405334,0.0,54363,0,0,0,35,SALT LAKE
784,350784,1124.0,3307.1780085674613,2.9423291891169585,388.0,9.0,61.0,318.0,468.98914281884595,1.0,8.0,8.0,53.0,4.0,57.0,97.0,160.0,0.0,0.0,0.0,80.98914281884592,27529,532,0,0,35,SALT LAKE
785,350785,1128.0,3090.066912077904,2.73942102134566,197.0,12.0,35.0,150.0,283.98869180547524,8.0,4.0,6.0,29.0,6.0,32.0,23.0,89.0,0.0,0.0,5.999548986629333,80.98914281884592,27818,0,0,0,35,SALT LAKE
786,350786,568.0,1585.3540882441555,2.7911163525425278,47.0,1.0,3.0,43.0,98.99367753194,1.0,0.0,0.0,3.0,0.0,16.0,6.0,21.0,0.0,0.0,10.999173142153778,40.99450438978621,42980,0,0,0,35,SALT LAKE
787,350787,446.0,1194.5541145629522,2.678372454177023,321.0,0.0,161.0,160.0,352.99571074324774,0.0,0.0,0.0,161.0,12.0,70.0,33.0,45.0,0.0,0.0,0.0,31.99571074324777,32919,448,0,0,35,SALT LAKE
788,350788,820.0,2234.91504223128,2.7255061490625367,517.0,104.0,94.0,319.0,593.990738642751,79.0,25.0,39.0,55.0,20.0,171.0,73.0,55.0,0.0,0.0,17.998646959888,58.99209168286308,29253,0,0,0,35,SALT LAKE
789,350789,663.0,2080.721855336656,3.138343673207625,485.0,53.0,99.0,333.0,680.9824411183953,53.0,0.0,56.0,43.0,58.0,84.0,5.0,186.0,0.0,0.0,147.98887500352356,47.993566114871655,32822,377,108,0,35,SALT LAKE
790,350790,718.0,2173.7694681178946,3.027534078158628,209.0,0.0,34.0,175.0,399.9825814813571,0.0,0.0,0.0,34.0,0.0,92.0,0.0,83.0,0.0,0.0,138.98955152357954,51.99302995777762,39253,396,0,0,35,SALT LAKE
791,350791,295.0,892.3709149591193,3.024986152403794,22.0,7.0,0.0,15.0,42.99718517525635,7.0,0.0,0.0,0.0,6.0,0.0,0.0,9.0,0.0,0.0,0.0,20.997185175256348,37038,0,0,0,35,SALT LAKE
792,350792,141.0,433.336025238341,3.0733051435343333,378.0,13.0,213.0,152.0,387.9986596072649,13.0,0.0,133.0,80.0,83.0,56.0,1.0,12.0,0.0,0.0,0.0,9.998659607264928,37038,0,0,0,35,SALT LAKE
793,350793,17.0,56.71473540951702,3.3361609064421778,1089.0,79.0,552.0,458.0,1089.9998659607265,79.0,0.0,336.0,216.0,38.0,77.0,0.0,343.0,0.0,0.0,0.0,0.9998659607264928,37038,0,0,0,35,SALT LAKE
794,350794,2.0,6.203174185415924,3.101587092707962,690.0,6.0,450.0,234.0,690.0,6.0,0.0,82.0,368.0,0.0,204.0,0.0,30.0,0.0,0.0,0.0,0.0,33251,0,0,0,35,SALT LAKE
795,350795,0.0,0.0,0.0,4096.0,153.0,3308.0,635.0,4262.9874467945165,153.0,0.0,843.0,2465.0,36.0,233.0,2.0,364.0,0.0,0.0,166.98744679451644,0.0,54363,0,0,0,35,SALT LAKE
796,350796,1.0,1.0,1.0,6069.0,313.0,2914.0,2842.0,6296.982861491914,291.0,22.0,988.0,1926.0,497.0,241.0,78.0,2026.0,0.0,0.0,227.98286149191466,0.0,54363,0,0,0,35,SALT LAKE
797,350797,0.0,0.0,0.0,6596.0,487.0,3127.0,2982.0,6596.0,168.0,319.0,1975.0,1152.0,204.0,204.0,28.0,2546.0,0.0,0.0,0.0,0.0,54363,0,0,0,35,SALT LAKE
798,350798,0.0,0.0,0.0,2874.0,146.0,2091.0,637.0,2874.0,140.0,6.0,1135.0,956.0,147.0,316.0,0.0,174.0,0.0,0.0,0.0,0.0,54363,0,0,0,35,SALT LAKE
799,350799,0.0,0.0,0.0,3118.0,196.0,1375.0,1547.0,3948.3218562874254,196.0,0.0,886.0,489.0,370.0,311.0,39.0,827.0,0.0,830.3218562874251,0.0,0.0,54363,0,0,0,35,SALT LAKE
800,350800,0.0,0.0,0.0,4838.0,827.0,2425.0,1586.0,4838.0,771.0,56.0,449.0,1976.0,340.0,438.0,45.0,763.0,0.0,0.0,0.0,0.0,54363,0,0,0,35,SALT LAKE
801,350801,991.0,3288.5684860112133,3.318434395571356,625.0,81.0,86.0,458.0,695.990483211581,39.0,42.0,9.0,77.0,42.0,239.0,69.0,108.0,0.0,0.0,0.0,70.990483211581,41581,597,816,0,35,SALT LAKE
802,350802,12.0,24.812696741663697,2.067724728471975,1104.0,207.0,81.0,816.0,1109.8366923080318,120.0,87.0,28.0,53.0,50.0,52.0,166.0,548.0,0.0,4.836826347305389,0.0,0.9998659607264928,29459,0,0,0,35,SALT LAKE
803,350803,0.0,0.0,0.0,24.0,0.0,0.0,24.0,24.0,0.0,0.0,0.0,0.0,0.0,1.0,0.0,23.0,0.0,0.0,0.0,0.0,29459,0,0,0,35,SALT LAKE
804,350804,392.0,1269.878372528717,3.2394856442059106,968.0,97.0,293.0,578.0,995.9962469003418,72.0,25.0,192.0,101.0,131.0,210.0,26.0,211.0,0.0,0.0,0.0,27.9962469003418,33711,379,0,0,35,SALT LAKE
805,350805,0.0,0.0,0.0,1819.0,264.0,366.0,1189.0,1819.0,264.0,0.0,267.0,99.0,9.0,265.0,0.0,915.0,0.0,0.0,0.0,0.0,27591,0,0,0,35,SALT LAKE
806,350806,218.0,577.7813669844546,2.650373243047957,3311.0,487.0,1578.0,1246.0,3326.9978553716237,455.0,32.0,780.0,798.0,99.0,281.0,2.0,864.0,0.0,0.0,0.0,15.997855371623883,27591,0,0,0,35,SALT LAKE
807,350807,14.0,23.04036126011629,1.6457400900083063,480.0,15.0,156.0,309.0,480.9998659607265,15.0,0.0,10.0,146.0,0.0,49.0,0.0,260.0,0.0,0.0,0.0,0.9998659607264928,27591,0,0,0,35,SALT LAKE
808,350808,0.0,0.0,0.0,204.0,41.0,31.0,132.0,212.03522012578617,35.0,6.0,0.0,31.0,3.0,15.0,1.0,113.0,8.035220125786164,0.0,0.0,0.0,55447,0,0,0,35,SALT LAKE
809,350809,384.0,1009.3450567412482,2.6285027519303337,446.0,163.0,16.0,267.0,558.9898575442573,112.0,51.0,16.0,0.0,11.0,26.0,25.0,205.0,0.0,0.0,84.99361064391555,27.9962469003418,55447,0,0,0,35,SALT LAKE
810,350810,503.0,1315.9590950489496,2.6162208649084486,540.0,220.0,16.0,304.0,627.991265803608,130.0,90.0,1.0,15.0,5.0,36.0,53.0,210.0,0.0,0.0,51.99609121745422,35.99517458615374,63528,0,0,0,35,SALT LAKE
811,350811,212.0,475.87207679547873,2.244679607525843,1354.0,659.0,2.0,693.0,1375.024404505237,295.0,364.0,1.0,1.0,56.0,9.0,143.0,485.0,6.026415094339623,0.0,0.0,14.997989410897391,67929,0,0,0,35,SALT LAKE
812,350812,0.0,0.0,0.0,3098.0,195.0,1924.0,979.0,3393.9777500070472,112.0,83.0,43.0,1881.0,24.0,34.0,0.0,921.0,0.0,0.0,295.9777500070471,0.0,54363,0,0,0,35,SALT LAKE
813,350813,0.0,0.0,0.0,2519.0,104.0,1827.0,588.0,2525.4491017964074,104.0,0.0,126.0,1701.0,248.0,81.0,40.0,219.0,0.0,6.449101796407185,0.0,0.0,54363,0,0,0,35,SALT LAKE
814,350814,0.0,0.0,0.0,1778.0,2.0,273.0,1503.0,1778.0,2.0,0.0,14.0,259.0,1394.0,9.0,41.0,59.0,0.0,0.0,0.0,0.0,54363,75,0,0,35,SALT LAKE
815,350815,0.0,0.0,0.0,5362.0,66.0,4.0,5292.0,5362.0,0.0,66.0,4.0,0.0,1163.0,41.0,13.0,4075.0,0.0,0.0,0.0,0.0,54363,0,0,0,35,SALT LAKE
816,350816,0.0,0.0,0.0,3367.0,321.0,2290.0,756.0,3367.0,321.0,0.0,1736.0,554.0,154.0,12.0,84.0,506.0,0.0,0.0,0.0,0.0,54363,0,0,0,35,SALT LAKE
817,350817,1364.0,3985.982498000118,2.922274558651113,3465.0,1316.0,182.0,1967.0,4138.94804455223,733.0,583.0,44.0,138.0,240.0,423.0,255.0,1049.0,1.0044025157232706,0.0,574.9567778853111,97.9868641511963,54363,1915,203,68,35,SALT LAKE
818,350818,333.0,1061.6289534468967,3.1880749352759663,0.0,0.0,0.0,0.0,23.996783057435827,0.0,0.0,0.0,0.0,0.0,0.0,0.0,0.0,0.0,0.0,0.0,23.996783057435827,48827,0,0,0,35,SALT LAKE
819,350819,680.0,2132.1195843015303,3.135469976914015,2520.0,23.0,87.0,2410.0,2767.0143701113134,18.0,5.0,1.0,86.0,778.0,224.0,303.0,1105.0,8.035220125786164,0.0,189.98571790992887,48.99343207559815,50665,696,0,0,35,SALT LAKE
820,350820,249.0,769.1935989915746,3.089130919644878,0.0,0.0,0.0,0.0,17.99758729307687,0.0,0.0,0.0,0.0,0.0,0.0,0.0,0.0,0.0,0.0,0.0,17.99758729307687,54244,0,0,0,35,SALT LAKE
821,350821,338.0,1011.1173922227956,2.9914715746236555,3641.0,56.0,1656.0,1929.0,3693.9946031594777,14.0,42.0,863.0,793.0,107.0,156.0,36.0,1630.0,0.0,0.0,28.997820102041775,23.996783057435827,36465,0,0,338,35,SALT LAKE
822,350822,0.0,0.0,0.0,2926.0,137.0,2239.0,550.0,2974.9963167241394,83.0,54.0,276.0,1963.0,427.0,4.0,6.0,113.0,0.0,0.0,48.996316724139554,0.0,36465,0,0,0,35,SALT LAKE
823,350823,0.0,0.0,0.0,982.0,22.0,600.0,360.0,1173.9855675721387,15.0,7.0,345.0,255.0,90.0,103.0,0.0,167.0,0.0,0.0,191.98556757213865,0.0,36465,0,0,0,35,SALT LAKE
824,350824,0.0,0.0,0.0,668.0,87.0,257.0,324.0,668.0,86.0,1.0,20.0,237.0,3.0,173.0,0.0,148.0,0.0,0.0,0.0,0.0,54363,718,308,308,35,SALT LAKE
825,350825,934.0,2401.5145774967364,2.5712147510671697,292.0,33.0,154.0,105.0,358.991019368675,12.0,21.0,91.0,63.0,5.0,3.0,0.0,97.0,0.0,0.0,0.0,66.99101936867501,34750,0,0,0,35,SALT LAKE
826,350826,468.0,1374.446165940014,2.936850781923107,680.0,30.0,362.0,288.0,713.9954426647007,25.0,5.0,36.0,326.0,12.0,111.0,10.0,155.0,0.0,0.0,0.0,33.995442664700754,37168,923,0,0,35,SALT LAKE
827,350827,353.0,838.3146827719235,2.374829129665505,6.0,1.0,0.0,5.0,30.99664901816232,0.0,1.0,0.0,0.0,0.0,0.0,1.0,4.0,0.0,0.0,0.0,24.99664901816232,37844,0,0,0,35,SALT LAKE
828,350828,165.0,510.4326186856532,3.093531022337292,147.0,75.0,0.0,72.0,158.99839152871792,32.0,43.0,0.0,0.0,1.0,1.0,46.0,24.0,0.0,0.0,0.0,11.998391528717914,29811,0,0,0,35,SALT LAKE
829,350829,698.0,2049.705984409576,2.9365415249420863,1266.0,157.0,38.0,1071.0,1315.9932980363246,45.0,112.0,28.0,10.0,3.0,269.0,31.0,768.0,0.0,0.0,0.0,49.99329803632464,31602,823,893,0,35,SALT LAKE
830,350830,765.0,2128.574913338436,2.782450867109066,290.0,128.0,2.0,160.0,361.9913499687402,110.0,18.0,0.0,2.0,20.0,1.0,5.0,134.0,0.0,0.0,16.99872212878311,54.9926278399571,49870,0,0,0,35,SALT LAKE
831,350831,378.0,1109.4820114486768,2.9351375964250708,56.0,27.0,0.0,29.0,82.9963809396153,27.0,0.0,0.0,0.0,4.0,0.0,0.0,25.0,0.0,0.0,0.0,26.996380939615307,36786,0,0,0,35,SALT LAKE
832,350832,0.0,0.0,0.0,4872.0,212.0,2416.0,2244.0,5661.940616572862,136.0,76.0,1351.0,1065.0,408.0,615.0,50.0,1171.0,0.0,0.0,789.9406165728622,0.0,31553,0,0,0,35,SALT LAKE
833,350833,438.0,1088.2139856701078,2.48450681659842,1559.0,104.0,63.0,1392.0,1590.9957107432479,17.0,87.0,30.0,33.0,699.0,314.0,42.0,337.0,0.0,0.0,0.0,31.99571074324777,31553,481,287,150,35,SALT LAKE
834,350834,207.0,549.4239992796961,2.6542222187424933,818.0,46.0,93.0,679.0,832.9979894108974,46.0,0.0,62.0,31.0,104.0,194.0,42.0,339.0,0.0,0.0,0.0,14.997989410897391,31553,794,0,0,35,SALT LAKE
835,350835,313.0,756.7872506207427,2.41785064096084,2030.0,17.0,298.0,1715.0,2052.9969170967092,12.0,5.0,139.0,159.0,655.0,130.0,244.0,686.0,0.0,0.0,0.0,22.996917096709332,31553,0,0,0,35,SALT LAKE
836,350836,0.0,0.0,0.0,1770.0,272.0,0.0,1498.0,1770.0,9.0,263.0,0.0,0.0,151.0,3.0,2.0,1342.0,0.0,0.0,0.0,0.0,35432,0,0,0,35,SALT LAKE
837,350837,462.0,1193.6679468221785,2.58369685459346,1625.0,469.0,62.0,1094.0,1914.9762582979306,166.0,303.0,4.0,58.0,100.0,36.0,7.0,951.0,0.0,0.0,256.98068159395643,32.995576703974265,35432,0,0,0,35,SALT LAKE
838,350838,1005.0,2484.8143451294645,2.472452084705935,3407.0,92.0,317.0,2998.0,3596.9814792426846,56.0,36.0,145.0,172.0,486.0,246.0,960.0,1306.0,0.0,0.0,117.99113007037688,71.99034917230748,31627,0,0,223,35,SALT LAKE
839,350839,356.0,945.5409794055416,2.6560139870942177,441.0,17.0,44.0,380.0,1070.9511129662417,10.0,7.0,9.0,35.0,62.0,21.0,79.0,218.0,0.0,0.0,603.9545979873528,25.99651497888881,42463,0,0,0,35,SALT LAKE
840,350840,53.0,132.03899337528182,2.49130176179777,237.0,56.0,0.0,181.0,245.01707390579907,55.0,1.0,0.0,0.0,21.0,2.0,20.0,138.0,4.017610062893082,0.0,0.0,3.9994638429059712,42463,403,173,0,35,SALT LAKE
841,350841,994.0,2470.635661277085,2.485548955007128,759.0,186.0,25.0,548.0,830.9903491723074,115.0,71.0,5.0,20.0,117.0,35.0,5.0,391.0,0.0,0.0,0.0,71.99034917230748,42463,0,0,0,35,SALT LAKE
842,350842,0.0,0.0,0.0,2388.0,58.0,1256.0,1074.0,2388.0,58.0,0.0,703.0,553.0,265.0,322.0,1.0,486.0,0.0,0.0,0.0,0.0,29125,0,0,0,35,SALT LAKE
843,350843,0.0,0.0,0.0,1550.0,161.0,946.0,443.0,1550.0,161.0,0.0,517.0,429.0,33.0,143.0,0.0,267.0,0.0,0.0,0.0,0.0,29125,0,0,0,35,SALT LAKE
844,350844,0.0,0.0,0.0,585.0,21.0,420.0,144.0,585.0,18.0,3.0,197.0,223.0,58.0,34.0,0.0,52.0,0.0,0.0,0.0,0.0,29125,0,0,0,35,SALT LAKE
845,350845,282.0,566.2611863543965,2.008018391327647,1816.0,175.0,613.0,1028.0,1835.9973192145299,175.0,0.0,96.0,517.0,53.0,229.0,133.0,613.0,0.0,0.0,0.0,19.997319214529856,29125,0,0,0,35,SALT LAKE
846,350846,0.0,0.0,0.0,593.0,83.0,330.0,180.0,1784.9103986770274,79.0,4.0,62.0,268.0,15.0,18.0,0.0,147.0,0.0,0.0,1191.9103986770274,0.0,29125,0,0,0,35,SALT LAKE
847,350847,300.0,1027.0684115567224,3.423561371855741,442.0,325.0,1.0,116.0,475.9961491092415,179.0,146.0,1.0,0.0,26.0,15.0,35.0,40.0,0.0,0.0,11.999097973258666,21.997051135982844,61297,0,0,0,35,SALT LAKE
848,350848,486.0,1711.1899074340213,3.5209668877243234,523.0,68.0,50.0,405.0,557.9953086254272,36.0,32.0,4.0,46.0,2.0,60.0,3.0,340.0,0.0,0.0,0.0,34.99530862542725,61292,487,0,0,35,SALT LAKE
849,350849,299.0,920.7282826638778,3.0793588048959126,684.0,448.0,3.0,233.0,707.0014536517061,434.0,14.0,0.0,3.0,3.0,40.0,46.0,144.0,1.0044025157232706,0.0,0.0,21.997051135982844,52144,0,0,0,35,SALT LAKE
850,350850,851.0,2498.9930289818435,2.936537049332366,417.0,58.0,17.0,342.0,533.9876141461898,28.0,30.0,0.0,17.0,6.0,52.0,5.0,279.0,0.0,0.0,55.995790541873774,60.99182360431606,59374,388,0,0,35,SALT LAKE
851,350851,1071.0,3192.862370007653,2.9811973576168564,184.0,34.0,30.0,120.0,260.98967897593997,28.0,6.0,9.0,21.0,8.0,4.0,49.0,59.0,0.0,0.0,0.0,76.98967897593995,58476,0,0,0,35,SALT LAKE
852,350852,1114.0,3505.6795825007707,3.146929607271787,1554.0,222.0,21.0,1311.0,1643.9885251691683,195.0,27.0,5.0,16.0,58.0,143.0,639.0,471.0,0.0,0.0,9.999248311048888,79.98927685811942,39921,0,0,0,35,SALT LAKE
853,350853,717.0,2242.0043841574698,3.126923827276806,608.0,256.0,6.0,346.0,659.9930299577776,207.0,49.0,0.0,6.0,46.0,16.0,23.0,261.0,0.0,0.0,0.0,51.99302995777762,29811,0,0,0,35,SALT LAKE
854,350854,383.0,1269.878372528717,3.3156093277512197,509.0,134.0,71.0,304.0,536.9962469003418,110.0,24.0,3.0,68.0,12.0,64.0,4.0,224.0,0.0,0.0,0.0,27.9962469003418,37381,0,0,0,35,SALT LAKE
855,350855,457.0,1547.2488753908865,3.385664935209817,1234.0,570.0,13.0,651.0,1309.9923444414844,556.0,14.0,9.0,4.0,198.0,165.0,61.0,227.0,0.0,0.0,42.99676773751022,32.995576703974265,42851,578,0,0,35,SALT LAKE
856,350856,222.0,706.2756893966416,3.1814220243091964,165.0,128.0,0.0,37.0,180.99785537162387,113.0,15.0,0.0,0.0,18.0,0.0,0.0,19.0,0.0,0.0,0.0,15.997855371623883,79595,0,0,0,35,SALT LAKE
857,350857,611.0,2074.51868115124,3.395284257203339,265.0,42.0,66.0,157.0,308.9941022719657,34.0,8.0,4.0,62.0,2.0,9.0,5.0,141.0,0.0,0.0,0.0,43.99410227196569,52517,433,0,0,35,SALT LAKE
858,350858,533.0,1826.3917137346027,3.426626104567735,89.0,42.0,0.0,47.0,126.99490650760673,42.0,0.0,0.0,0.0,3.0,35.0,7.0,2.0,0.0,0.0,0.0,37.99490650760673,49798,0,0,0,35,SALT LAKE
859,350859,247.0,822.3636634379968,3.329407544283388,101.0,15.0,0.0,86.0,118.99758729307686,15.0,0.0,0.0,0.0,37.0,0.0,33.0,16.0,0.0,0.0,0.0,17.99758729307687,51928,0,0,0,35,SALT LAKE
860,350860,82.0,263.1918190097899,3.209656329387682,976.0,155.0,18.0,803.0,981.999195764359,152.0,3.0,14.0,4.0,15.0,189.0,9.0,590.0,0.0,0.0,0.0,5.999195764358957,79595,0,0,3086,35,SALT LAKE
861,350861,667.0,1961.0892103322055,2.940163733631493,904.0,319.0,11.0,574.0,952.997968630595,212.0,107.0,6.0,5.0,9.0,33.0,22.0,510.0,1.0044025157232706,0.0,0.0,47.993566114871655,28806,0,0,0,35,SALT LAKE
862,350862,259.0,858.6965408097186,3.315430659496983,41.0,2.0,3.0,36.0,59.997453253803364,2.0,0.0,0.0,3.0,0.0,0.0,8.0,28.0,0.0,0.0,0.0,18.997453253803364,51928,0,0,0,35,SALT LAKE
863,350863,458.0,1370.0153272361456,2.991299841126956,180.0,3.0,22.0,155.0,233.99399815717692,3.0,0.0,0.0,22.0,3.0,78.0,2.0,72.0,0.0,0.0,20.998421453202667,32.995576703974265,47963,594,0,0,35,SALT LAKE
864,350864,1676.0,3896.4795561819737,2.3248684702756406,687.0,66.0,0.0,621.0,807.9837812479057,26.0,40.0,0.0,0.0,42.0,251.0,13.0,315.0,0.0,0.0,0.0,120.98378124790564,15200,0,0,0,35,SALT LAKE
865,350865,320.0,731.0883861383053,2.284651206682204,0.0,0.0,0.0,0.0,22.996917096709332,0.0,0.0,0.0,0.0,0.0,0.0,0.0,0.0,0.0,0.0,0.0,22.996917096709332,41507,0,0,0,35,SALT LAKE
866,350866,1762.0,4202.2074267489015,2.384907733682691,1379.0,893.0,20.0,466.0,1505.9829770122647,474.0,419.0,2.0,18.0,153.0,1.0,9.0,303.0,0.0,0.0,0.0,126.98297701226458,51022,943,0,0,35,SALT LAKE
867,350867,416.0,1260.1305273802063,3.0291599215870346,66.0,0.0,0.0,66.0,95.99597882179478,0.0,0.0,0.0,0.0,0.0,46.0,20.0,0.0,0.0,0.0,0.0,29.995978821794782,42131,526,0,0,35,SALT LAKE
868,350868,372.0,881.7369020698349,2.37026048943504,0.0,0.0,0.0,0.0,26.996380939615307,0.0,0.0,0.0,0.0,0.0,0.0,0.0,0.0,0.0,0.0,0.0,26.996380939615307,51022,0,0,0,35,SALT LAKE
869,350869,595.0,1401.9173659039989,2.356163640174788,131.0,36.0,3.0,92.0,173.9942363112392,1.0,35.0,0.0,3.0,2.0,2.0,1.0,87.0,0.0,0.0,0.0,42.99423631123919,35528,0,0,0,35,SALT LAKE
870,350870,720.0,1709.417571952474,2.374191072156214,1890.0,326.0,113.0,1451.0,1941.9930299577777,280.0,46.0,24.0,89.0,130.0,108.0,103.0,1110.0,0.0,0.0,0.0,51.99302995777762,43467,0,0,0,35,SALT LAKE
871,350871,124.0,281.8013415660377,2.27259146424224,0.0,0.0,0.0,0.0,8.998793646538434,0.0,0.0,0.0,0.0,0.0,0.0,0.0,0.0,0.0,0.0,0.0,8.998793646538434,35528,0,0,0,35,SALT LAKE
872,350872,836.0,1981.471068370001,2.370180703791867,1984.0,1357.0,2.0,625.0,2043.9919576435896,1350.0,7.0,2.0,0.0,26.0,31.0,35.0,533.0,0.0,0.0,0.0,59.99195764358957,28733,0,0,0,35,SALT LAKE
873,350873,1801.0,4574.397877873857,2.539921087103752,2465.0,1208.0,238.0,1019.0,2655.9779895918423,1132.0,76.0,199.0,39.0,63.0,126.0,22.0,808.0,0.0,0.0,60.99541469739822,129.98257489444407,42647,0,0,0,35,SALT LAKE
874,350874,1022.0,2681.5435835812264,2.623819553406288,0.0,0.0,0.0,0.0,73.99008109376047,0.0,0.0,0.0,0.0,0.0,0.0,0.0,0.0,0.0,0.0,0.0,73.99008109376047,32479,0,0,0,35,SALT LAKE
875,350875,1296.0,2411.262422645247,1.8605419927818263,4481.0,227.0,1307.0,2947.0,4574.991936863287,212.0,15.0,26.0,1281.0,71.0,2048.0,313.0,515.0,1.0044025157232706,0.0,0.0,92.98753434756384,33443,0,0,0,35,SALT LAKE
876,350876,392.0,787.8031215478223,2.00970184068322,2108.0,124.0,1204.0,780.0,2230.989105855306,124.0,0.0,900.0,304.0,104.0,62.0,70.0,544.0,0.0,0.0,94.99285895496443,27.9962469003418,27637,0,0,0,35,SALT LAKE
877,350877,659.0,1255.6996886763377,1.905462350039966,1217.0,121.0,597.0,499.0,1284.6090250788584,82.0,39.0,269.0,328.0,109.0,57.0,5.0,328.0,1.0044025157232706,1.6122754491017963,17.998646959888,46.99370015414516,20421,0,0,0,35,SALT LAKE
878,350878,336.0,1182.1477661921203,3.5182969231908343,1139.0,385.0,63.0,691.0,1162.9967830574358,385.0,0.0,0.0,63.0,2.0,434.0,0.0,255.0,0.0,0.0,0.0,23.996783057435827,58250,0,0,2639,35,SALT LAKE
879,350879,381.0,1302.666578937344,3.41907238566232,410.0,78.0,213.0,119.0,618.9916555699418,59.0,19.0,6.0,207.0,5.0,13.0,34.0,67.0,2.008805031446541,0.0,179.98646959887998,26.996380939615307,65053,0,0,0,35,SALT LAKE
880,350880,488.0,1666.881520395336,3.415740820482246,16.0,11.0,0.0,5.0,50.99530862542725,11.0,0.0,0.0,0.0,0.0,0.0,0.0,5.0,0.0,0.0,0.0,34.99530862542725,57454,0,0,0,35,SALT LAKE
881,350881,348.0,1216.7083080822947,3.496288241615789,191.0,0.0,27.0,164.0,215.99664901816232,0.0,0.0,0.0,27.0,15.0,88.0,5.0,56.0,0.0,0.0,0.0,24.99664901816232,61771,539,0,0,35,SALT LAKE
882,350882,913.0,3062.595712113919,3.354431229040437,111.0,37.0,3.0,71.0,176.99115340794853,36.0,1.0,2.0,1.0,0.0,50.0,1.0,20.0,0.0,0.0,0.0,65.99115340794853,58493,0,0,0,35,SALT LAKE
883,350883,561.0,1615.4837914304612,2.879650252104209,7.0,2.0,0.0,5.0,46.99463842905971,2.0,0.0,0.0,0.0,1.0,0.0,0.0,4.0,0.0,0.0,0.0,39.99463842905971,54801,0,0,0,35,SALT LAKE
884,350884,483.0,1335.454785345971,2.764916739846731,137.0,21.0,4.0,112.0,171.99530862542724,21.0,0.0,3.0,1.0,0.0,91.0,0.0,21.0,0.0,0.0,0.0,34.99530862542725,32395,532,681,0,35,SALT LAKE
885,350885,419.0,1213.1636371192,2.8953786088763724,114.0,41.0,51.0,22.0,193.01468396902624,11.0,30.0,50.0,1.0,2.0,0.0,3.0,17.0,5.022012578616353,0.0,43.99669256861511,29.995978821794782,62636,0,0,0,35,SALT LAKE
886,350886,633.0,1777.6524879920491,2.80829776933973,407.0,313.0,0.0,94.0,452.99383419341865,312.0,1.0,0.0,0.0,2.0,25.0,2.0,65.0,0.0,0.0,0.0,45.99383419341867,39046,0,0,0,35,SALT LAKE
887,350887,872.0,2889.793002663047,3.3139828012190904,680.0,494.0,0.0,186.0,748.9911045123984,457.0,37.0,0.0,0.0,2.0,14.0,21.0,149.0,0.0,0.0,5.999548986629333,62.99155552576904,44955,0,0,0,35,SALT LAKE
888,350888,388.0,1348.747301457577,3.4761528388081877,704.0,71.0,67.0,566.0,731.9962469003418,71.0,0.0,0.0,67.0,40.0,9.0,477.0,40.0,0.0,0.0,0.0,27.9962469003418,48676,15,0,0,35,SALT LAKE
889,350889,532.0,1656.2475075060518,3.113247194560248,56.0,6.0,0.0,50.0,93.99490650760673,6.0,0.0,0.0,0.0,0.0,44.0,1.0,5.0,0.0,0.0,0.0,37.99490650760673,57552,450,0,0,35,SALT LAKE
890,350890,526.0,1607.508281763498,3.0560993949876387,8.0,1.0,0.0,7.0,45.99490650760673,1.0,0.0,0.0,0.0,0.0,0.0,0.0,7.0,0.0,0.0,0.0,37.99490650760673,59499,0,0,0,35,SALT LAKE
891,350891,547.0,1563.1998947248128,2.857769460191614,112.0,0.0,0.0,112.0,150.99477246833322,0.0,0.0,0.0,0.0,1.0,110.0,0.0,1.0,0.0,0.0,0.0,38.99477246833322,61471,0,621,0,35,SALT LAKE
892,350892,641.0,1783.8556621774649,2.782926150042847,472.0,80.0,1.0,391.0,517.9938341934187,5.0,75.0,0.0,1.0,28.0,79.0,42.0,242.0,0.0,0.0,0.0,45.99383419341867,46145,508,0,0,35,SALT LAKE
893,350893,279.0,763.8765925469323,2.7379089338599725,2051.0,104.0,1.0,1946.0,2074.0105267616996,63.0,41.0,1.0,0.0,126.0,765.0,176.0,879.0,3.013207547169812,0.0,0.0,19.997319214529856,48182,0,0,0,35,SALT LAKE
894,350894,272.0,680.5768249142043,2.5021206798316333,0.0,0.0,0.0,0.0,19.997319214529856,0.0,0.0,0.0,0.0,0.0,0.0,0.0,0.0,0.0,0.0,0.0,19.997319214529856,51647,0,0,0,35,SALT LAKE
895,350895,419.0,1139.6117146349825,2.7198370277684547,899.0,178.0,24.0,697.0,928.9959788217948,135.0,43.0,2.0,22.0,37.0,79.0,98.0,483.0,0.0,0.0,0.0,29.995978821794782,52088,548,0,0,35,SALT LAKE
896,350896,309.0,795.7786312147857,2.57533537609963,0.0,0.0,0.0,0.0,21.997051135982844,0.0,0.0,0.0,0.0,0.0,0.0,0.0,0.0,0.0,0.0,0.0,21.997051135982844,51647,0,0,0,35,SALT LAKE
897,350897,166.0,461.69339294309947,2.781285499657226,1892.0,63.0,42.0,1787.0,1903.998391528718,39.0,24.0,0.0,42.0,1.0,1754.0,16.0,16.0,0.0,0.0,0.0,11.998391528717914,46345,0,0,0,35,SALT LAKE
898,350898,1320.0,3491.5008986483917,2.645076438369993,547.0,228.0,3.0,316.0,641.9872662690168,114.0,114.0,1.0,2.0,8.0,167.0,4.0,137.0,0.0,0.0,0.0,94.9872662690168,55646,600,1041,0,35,SALT LAKE
899,350899,2448.0,4881.898083922332,1.9942394133669656,4059.0,568.0,583.0,2908.0,4235.980811603586,567.0,1.0,435.0,148.0,2147.0,10.0,4.0,747.0,1.0044025157232706,0.0,0.0,175.97640908786275,32093,0,0,0,35,SALT LAKE
900,350900,535.0,1167.0829145989674,2.1814633917737707,472.0,60.0,9.0,403.0,549.9918408814239,52.0,8.0,0.0,9.0,6.0,9.0,12.0,376.0,0.0,0.0,38.997068413090666,38.99477246833322,46771,0,0,0,35,SALT LAKE
901,350901,2379.0,5515.5080185755305,2.318414467665208,530.0,45.0,10.0,475.0,700.9770792842303,2.0,43.0,3.0,7.0,148.0,88.0,89.0,150.0,0.0,0.0,0.0,170.97707928423026,26161,0,0,0,35,SALT LAKE
902,350902,0.0,0.0,0.0,1455.0,245.0,646.0,564.0,1455.0,141.0,104.0,388.0,258.0,166.0,17.0,14.0,367.0,0.0,0.0,0.0,0.0,34978,0,0,0,35,SALT LAKE
903,350903,1058.0,2498.10686124107,2.3611596041976086,1425.0,476.0,69.0,880.0,1622.98064241001,461.0,15.0,28.0,41.0,229.0,17.0,10.0,624.0,0.0,0.0,121.99082939479644,75.98981301521346,34978,0,0,0,35,SALT LAKE
904,350904,514.0,1159.107404932004,2.255072772241253,7224.0,243.0,1005.0,5976.0,7260.99504054688,59.0,184.0,766.0,239.0,1088.0,171.0,3106.0,1611.0,0.0,0.0,0.0,36.99504054688023,34978,650,291,291,35,SALT LAKE
905,350905,601.0,1513.5745012414857,2.518426790751224,2282.0,93.0,3.0,2186.0,2324.994236311239,75.0,18.0,3.0,0.0,1011.0,266.0,253.0,656.0,0.0,0.0,0.0,42.99423631123919,43582,0,0,0,35,SALT LAKE
906,350906,0.0,0.0,0.0,54.0,1.0,44.0,9.0,54.0,1.0,0.0,0.0,44.0,2.0,1.0,0.0,6.0,0.0,0.0,0.0,0.0,72037,0,0,0,35,SALT LAKE
907,350907,320.0,1136.067043671888,3.550209511474649,813.0,28.0,197.0,588.0,835.9969170967094,28.0,0.0,5.0,192.0,266.0,259.0,0.0,63.0,0.0,0.0,0.0,22.996917096709332,72037,387,0,0,35,SALT LAKE
908,350908,910.0,3219.447402230865,3.5378542881657853,38.0,0.0,30.0,8.0,103.99115340794853,0.0,0.0,0.0,30.0,2.0,2.0,1.0,3.0,0.0,0.0,0.0,65.99115340794853,57238,0,0,0,35,SALT LAKE
909,350909,639.0,2349.230680791088,3.676417340831123,153.0,61.0,17.0,75.0,198.99383419341868,0.0,61.0,0.0,17.0,2.0,66.0,1.0,6.0,0.0,0.0,0.0,45.99383419341867,43796,440,0,0,35,SALT LAKE
910,350910,221.0,637.1546056162928,2.8830525141008723,675.0,89.0,416.0,170.0,690.9978553716239,56.0,33.0,297.0,119.0,4.0,44.0,5.0,117.0,0.0,0.0,0.0,15.997855371623883,32252,0,0,0,35,SALT LAKE
911,350911,971.0,3055.5063701877293,3.146762482170679,67.0,0.0,0.0,67.0,136.99061725085448,0.0,0.0,0.0,0.0,0.0,44.0,21.0,2.0,0.0,0.0,0.0,69.9906172508545,36729,711,0,0,35,SALT LAKE
912,350912,1946.0,5690.083063507949,2.923989241268216,824.0,134.0,19.0,671.0,1134.968380620645,100.0,34.0,17.0,2.0,10.0,317.0,21.0,323.0,0.0,0.0,170.98714611893598,139.981234501709,34743,1209,578,0,35,SALT LAKE
913,350913,381.0,1116.5713533748662,2.930633473424846,1195.0,275.0,3.0,917.0,1484.9766115202012,141.0,134.0,1.0,2.0,2.0,117.0,211.0,587.0,0.0,0.0,262.9802305805858,26.996380939615307,50010,0,0,0,35,SALT LAKE
914,350914,243.0,699.186347470452,2.8773100718948643,0.0,0.0,0.0,0.0,16.997721332350377,0.0,0.0,0.0,0.0,0.0,0.0,0.0,0.0,0.0,0.0,0.0,16.997721332350377,52510,0,0,0,35,SALT LAKE
915,350915,378.0,1126.319198523377,2.9796804193740134,215.0,51.0,11.0,153.0,241.9963809396153,48.0,3.0,1.0,10.0,1.0,2.0,6.0,144.0,0.0,0.0,0.0,26.996380939615307,46641,0,0,0,35,SALT LAKE
916,350916,832.0,2460.0016483878007,2.9567327504661067,44.0,2.0,0.0,42.0,103.99195764358957,2.0,0.0,0.0,0.0,2.0,16.0,1.0,23.0,0.0,0.0,0.0,59.99195764358957,64104,477,0,0,35,SALT LAKE
917,350917,327.0,984.5323599995844,3.010802324157751,22.0,11.0,0.0,11.0,45.99678305743583,1.0,10.0,0.0,0.0,0.0,0.0,9.0,2.0,0.0,0.0,0.0,23.996783057435827,56412,0,0,0,35,SALT LAKE
918,350918,278.0,744.3809022499108,2.677629144783852,13.0,9.0,1.0,3.0,32.99731921452985,9.0,0.0,0.0,1.0,3.0,0.0,0.0,0.0,0.0,0.0,0.0,19.997319214529856,74357,0,0,0,35,SALT LAKE
919,350919,297.0,777.1691086585379,2.6167310055843025,250.0,19.0,8.0,223.0,270.99718517525633,18.0,1.0,2.0,6.0,3.0,1.0,71.0,148.0,0.0,0.0,0.0,20.997185175256348,74357,0,0,0,35,SALT LAKE
920,350920,548.0,1507.3713270560695,2.750677604116915,217.0,6.0,12.0,199.0,255.99477246833322,1.0,5.0,0.0,12.0,4.0,47.0,12.0,136.0,0.0,0.0,0.0,38.99477246833322,72458,0,0,0,35,SALT LAKE
921,350921,504.0,1267.2198693063958,2.51432513751269,116.0,8.0,0.0,108.0,151.99517458615372,2.0,6.0,0.0,0.0,3.0,1.0,28.0,76.0,0.0,0.0,0.0,35.99517458615374,62627,0,0,0,35,SALT LAKE
922,350922,904.0,2291.629777640797,2.534988692080528,1627.0,739.0,87.0,801.0,1988.968962285374,309.0,430.0,42.0,45.0,41.0,86.0,218.0,456.0,0.0,0.0,296.977674838152,64.99128744722204,51655,707,0,0,35,SALT LAKE
923,350923,860.0,2189.720487451821,2.546186613316071,190.0,61.0,0.0,129.0,251.99168956504258,11.0,50.0,0.0,0.0,11.0,1.0,71.0,46.0,0.0,0.0,0.0,61.99168956504256,35977,0,0,0,35,SALT LAKE
924,350924,112.0,257.8748125651477,2.30245368361739,2070.0,746.0,2.0,1322.0,2281.9835932312094,281.0,465.0,1.0,1.0,278.0,40.0,146.0,858.0,0.0,0.0,203.98466554539732,7.9989276858119425,35977,0,0,0,35,SALT LAKE
925,350925,525.0,1226.4561532308055,2.3361069585348675,395.0,26.0,1.0,368.0,432.99490650760674,25.0,1.0,0.0,1.0,2.0,269.0,64.0,33.0,0.0,0.0,0.0,37.99490650760673,43480,718,0,1750,35,SALT LAKE
926,350926,872.0,2110.8515585229616,2.420701328581378,20.0,3.0,0.0,17.0,84.60383097487083,3.0,0.0,0.0,0.0,8.0,1.0,0.0,8.0,0.0,1.6122754491017963,0.0,62.99155552576904,61829,0,0,0,35,SALT LAKE
927,350927,560.0,1351.4058046798978,2.413224651214103,2757.0,684.0,2.0,2071.0,2873.988850424136,544.0,140.0,0.0,2.0,84.0,73.0,1406.0,508.0,0.0,0.0,76.99421199507644,39.99463842905971,40848,12,10,14,35,SALT LAKE
928,350928,423.0,1092.6448243739762,2.5830846911914334,0.0,0.0,0.0,0.0,31.000381337518053,0.0,0.0,0.0,0.0,0.0,0.0,0.0,0.0,1.0044025157232706,0.0,0.0,29.995978821794782,40848,0,0,0,35,SALT LAKE
929,350929,1128.0,2607.1054933562355,2.3112637352448897,240.0,3.0,2.0,235.0,353.98666224530723,3.0,0.0,1.0,1.0,25.0,66.0,84.0,60.0,0.0,0.0,32.99751942646133,80.98914281884592,58219,717,0,0,35,SALT LAKE
930,350930,462.0,1057.198114743028,2.288307607668892,52.0,1.0,0.0,51.0,84.99557670397427,1.0,0.0,0.0,0.0,10.0,0.0,7.0,34.0,0.0,0.0,0.0,32.995576703974265,74647,0,0,0,35,SALT LAKE
931,350931,747.0,1926.5286684420312,2.579020975156668,35.0,0.0,22.0,13.0,88.99276187923061,0.0,0.0,0.0,22.0,2.0,11.0,0.0,0.0,0.0,0.0,0.0,53.99276187923061,83472,481,679,0,35,SALT LAKE
932,350932,816.0,2063.884668261955,2.529270426791612,2524.0,155.0,9.0,2360.0,2582.9920916828632,154.0,1.0,2.0,7.0,338.0,227.0,265.0,1530.0,0.0,0.0,0.0,58.99209168286308,43050,407,0,0,35,SALT LAKE
933,350933,1634.0,5621.848147468375,3.44054354190231,983.0,18.0,322.0,643.0,1116.050221101575,13.0,5.0,304.0,18.0,7.0,397.0,3.0,236.0,15.066037735849058,0.0,0.0,117.98418336572615,53614,510,742,0,35,SALT LAKE
934,350934,1127.0,3824.699969179304,3.3937000613835884,377.0,105.0,2.0,270.0,457.98914281884595,49.0,56.0,2.0,0.0,0.0,26.0,85.0,159.0,0.0,0.0,0.0,80.98914281884592,65405,0,0,0,35,SALT LAKE
935,350935,1291.0,4314.750729827162,3.3421771726004352,1075.0,226.0,3.0,846.0,1167.9875343475637,134.0,92.0,1.0,2.0,2.0,293.0,13.0,538.0,0.0,0.0,0.0,92.98753434756384,58316,602,0,2334,35,SALT LAKE
936,350936,949.0,2561.9109385767765,2.699590030112515,436.0,156.0,6.0,274.0,503.9908853294015,127.0,29.0,1.0,5.0,9.0,40.0,1.0,224.0,0.0,0.0,0.0,67.99088532940151,36303,393,0,0,35,SALT LAKE
937,350937,1237.0,3653.669595209979,2.953653674381551,136.0,3.0,14.0,119.0,224.98807050465786,3.0,0.0,0.0,14.0,4.0,42.0,2.0,71.0,0.0,0.0,0.0,88.98807050465786,58545,365,157,0,35,SALT LAKE
938,350938,987.0,2631.032022357125,2.6656859395715555,736.0,123.0,133.0,480.0,806.990483211581,111.0,12.0,1.0,132.0,3.0,7.0,27.0,443.0,0.0,0.0,0.0,70.990483211581,52882,842,0,0,35,SALT LAKE
939,350939,1096.0,2927.012047775542,2.670631430452137,1870.0,318.0,90.0,1462.0,1948.9894108973929,275.0,43.0,4.0,86.0,14.0,71.0,467.0,910.0,0.0,0.0,0.0,78.98941089739293,50836,0,0,0,35,SALT LAKE
940,350940,1037.0,2760.4125125100863,2.661921419971154,171.0,36.0,0.0,135.0,245.98994705448695,15.0,21.0,0.0,0.0,2.0,54.0,16.0,63.0,0.0,0.0,0.0,74.98994705448696,65654,620,0,0,35,SALT LAKE
941,350941,659.0,1736.8887719164586,2.635643052984004,102.0,0.0,0.0,102.0,148.99370015414516,0.0,0.0,0.0,0.0,3.0,92.0,2.0,5.0,0.0,0.0,0.0,46.99370015414516,71759,0,1005,0,35,SALT LAKE
942,350942,121.0,318.1342189377595,2.629208420973219,244.0,0.0,38.0,206.0,267.9976661131118,0.0,0.0,18.0,20.0,85.0,58.0,22.0,41.0,0.0,0.0,14.998872466573333,8.998793646538434,54211,712,0,0,35,SALT LAKE
943,350943,329.0,858.6965408097186,2.610019880880604,581.0,8.0,63.0,510.0,604.9967830574358,8.0,0.0,14.0,49.0,175.0,1.0,177.0,157.0,0.0,0.0,0.0,23.996783057435827,65461,16,0,0,35,SALT LAKE
944,350944,981.0,1632.3209785051615,1.6639357579053635,0.0,0.0,0.0,0.0,70.990483211581,0.0,0.0,0.0,0.0,0.0,0.0,0.0,0.0,0.0,0.0,0.0,70.990483211581,39558,0,0,0,35,SALT LAKE
945,350945,1778.0,3970.917646406965,2.233362005853186,522.0,42.0,39.0,441.0,649.9828429729911,27.0,15.0,32.0,7.0,242.0,5.0,69.0,125.0,0.0,0.0,0.0,127.98284297299108,39558,0,0,0,35,SALT LAKE
946,350946,1633.0,3271.731298936513,2.003509674792721,678.0,175.0,32.0,471.0,795.9841833657262,2.0,173.0,32.0,0.0,248.0,0.0,192.0,31.0,0.0,0.0,0.0,117.98418336572615,39558,0,0,0,35,SALT LAKE
947,350947,2657.0,5899.218650330544,2.2202554197706226,727.0,23.0,84.0,620.0,917.9743984987601,9.0,14.0,13.0,71.0,331.0,1.0,23.0,265.0,0.0,0.0,0.0,190.9743984987601,39558,0,0,0,35,SALT LAKE
948,350948,1211.0,2715.2179577306274,2.2421287842532016,3310.0,401.0,65.0,2844.0,3396.988338583205,7.0,394.0,63.0,2.0,2281.0,0.0,159.0,404.0,0.0,0.0,0.0,86.98833858320488,39558,0,0,0,35,SALT LAKE
949,350949,2037.0,4183.597904192654,2.053803585759771,2790.0,418.0,267.0,2105.0,2959.55215251422,3.0,415.0,202.0,65.0,977.0,308.0,460.0,360.0,0.0,22.57185628742515,0.0,146.98029622679445,39558,0,0,0,35,SALT LAKE
950,350950,657.0,1354.9504756429926,2.062329491085225,1401.0,465.0,25.0,911.0,1447.9937001541452,8.0,457.0,25.0,0.0,273.0,219.0,397.0,22.0,0.0,0.0,0.0,46.99370015414516,39558,0,0,0,35,SALT LAKE
951,350951,756.0,1704.986733248605,2.255273456678049,0.0,0.0,0.0,0.0,53.99276187923061,0.0,0.0,0.0,0.0,0.0,0.0,0.0,0.0,0.0,0.0,0.0,53.99276187923061,39558,0,0,0,35,SALT LAKE
952,350952,1338.0,2985.4991186666066,2.2313147374189883,0.0,0.0,0.0,0.0,95.98713222974332,0.0,0.0,0.0,0.0,0.0,0.0,0.0,0.0,0.0,0.0,0.0,95.98713222974332,39558,0,0,0,35,SALT LAKE
953,350953,571.0,1330.1377789013288,2.3294882292492622,1199.0,134.0,86.0,979.0,2294.9152012054437,64.0,70.0,86.0,0.0,357.0,108.0,30.0,484.0,0.0,0.0,1054.9206968156577,40.99450438978621,39558,0,0,0,35,SALT LAKE
954,350954,2923.0,6605.494339727185,2.2598338486921605,0.0,0.0,0.0,0.0,209.97185175256348,0.0,0.0,0.0,0.0,0.0,0.0,0.0,0.0,0.0,0.0,0.0,209.97185175256348,39558,0,0,0,35,SALT LAKE
955,350955,1238.0,2626.601183653257,2.1216487751641817,1859.0,400.0,222.0,1237.0,1947.9880705046578,57.0,343.0,222.0,0.0,563.0,110.0,85.0,479.0,0.0,0.0,0.0,88.98807050465786,39558,0,0,0,35,SALT LAKE
956,350956,1055.0,2377.588048495846,2.25363796065957,0.0,0.0,0.0,0.0,75.98981301521346,0.0,0.0,0.0,0.0,0.0,0.0,0.0,0.0,0.0,0.0,0.0,75.98981301521346,39558,0,0,0,35,SALT LAKE
957,350957,838.0,1762.5876363988962,2.103326535082215,132.0,4.0,0.0,128.0,1102.9234787801433,1.0,3.0,0.0,0.0,27.0,0.0,15.0,86.0,0.0,0.0,910.9315211365538,59.99195764358957,39558,0,0,0,35,SALT LAKE
958,350958,1426.0,3024.49049926065,2.120961079425421,800.0,83.0,7.0,710.0,902.9861939548288,2.0,81.0,6.0,1.0,420.0,12.0,82.0,196.0,0.0,0.0,0.0,102.98619395482876,39558,0,0,0,35,SALT LAKE
959,350959,829.0,1802.4651847337127,2.174264396542476,69.0,37.0,1.0,31.0,130.60423309269137,0.0,37.0,1.0,0.0,24.0,0.0,4.0,3.0,0.0,1.6122754491017963,0.0,59.99195764358957,39558,0,0,0,35,SALT LAKE
960,350960,964.0,1852.09057821704,1.9212557865321995,0.0,0.0,0.0,0.0,68.990751290128,0.0,0.0,0.0,0.0,0.0,0.0,0.0,0.0,0.0,0.0,0.0,68.990751290128,39558,0,0,0,35,SALT LAKE
961,350961,832.0,1869.813933032514,2.24737251566408,184.0,62.0,3.0,119.0,243.99195764358956,0.0,62.0,0.0,3.0,77.0,5.0,0.0,37.0,0.0,0.0,0.0,59.99195764358957,39558,0,0,0,35,SALT LAKE
962,350962,569.0,1195.440282303726,2.1009495295320315,0.0,0.0,0.0,0.0,40.99450438978621,0.0,0.0,0.0,0.0,0.0,0.0,0.0,0.0,0.0,0.0,0.0,40.99450438978621,39558,0,0,0,35,SALT LAKE
963,350963,733.0,1598.646604355761,2.180963989571297,74.0,38.0,0.0,36.0,126.99289591850412,0.0,38.0,0.0,0.0,32.0,0.0,3.0,1.0,0.0,0.0,0.0,52.99289591850412,39558,0,0,0,35,SALT LAKE
964,350964,456.0,1018.2067341489852,2.232909504712687,3001.0,494.0,1.0,2506.0,3033.995576703974,31.0,463.0,0.0,1.0,1504.0,0.0,451.0,551.0,0.0,0.0,0.0,32.995576703974265,39558,0,0,0,35,SALT LAKE
965,350965,628.0,1329.251611160555,2.11664269293082,107.0,25.0,2.0,80.0,151.99396823269217,1.0,24.0,0.0,2.0,36.0,0.0,0.0,44.0,0.0,0.0,0.0,44.993968232692175,28547,0,0,0,35,SALT LAKE
966,350966,434.0,1007.5727212597008,2.321596131934794,6840.0,1054.0,2.0,5784.0,6870.995844782521,1.0,1053.0,2.0,0.0,4273.0,127.0,934.0,450.0,0.0,0.0,0.0,30.99584478252128,33483,0,0,0,35,SALT LAKE
967,350967,2039.0,3384.2746020147733,1.659771751846382,254.0,2.0,0.0,252.0,400.98029622679445,1.0,1.0,0.0,0.0,80.0,43.0,18.0,111.0,0.0,0.0,0.0,146.98029622679445,40961,305,51,0,35,SALT LAKE
968,350968,374.0,551.1963347612435,1.4737869913402233,4259.0,1507.0,0.0,2752.0,4406.987285503306,728.0,779.0,0.0,0.0,2147.0,34.0,34.0,537.0,0.0,0.0,120.99090456369154,26.996380939615307,47302,0,0,0,35,SALT LAKE
969,350969,677.0,1261.9028628617536,1.8639628698105664,5724.0,522.0,0.0,5202.0,5772.993432075598,1.0,521.0,0.0,0.0,4312.0,99.0,8.0,783.0,0.0,0.0,0.0,48.99343207559815,47302,0,0,0,35,SALT LAKE
970,350970,529.0,1040.3609276683278,1.9666558178985405,2392.0,201.0,0.0,2191.0,2429.9949065076066,0.0,201.0,0.0,0.0,1515.0,89.0,42.0,545.0,0.0,0.0,0.0,37.99490650760673,47302,0,0,0,35,SALT LAKE
971,350971,587.0,1419.640720719473,2.418468008039988,1857.0,589.0,0.0,1268.0,1898.9943703505128,3.0,586.0,0.0,0.0,812.0,8.0,25.0,423.0,0.0,0.0,0.0,41.994370350512696,47302,0,0,0,35,SALT LAKE
972,350972,642.0,1472.8107851658951,2.29409779620856,1131.0,154.0,0.0,977.0,1331.9821830146764,20.0,134.0,0.0,0.0,430.0,149.0,51.0,347.0,0.0,0.0,154.98834882125777,45.99383419341867,47302,0,0,0,35,SALT LAKE
973,350973,852.0,1819.3023718084128,2.1353314223103443,1713.0,573.0,0.0,1140.0,1773.991823604316,164.0,409.0,0.0,0.0,710.0,355.0,33.0,42.0,0.0,0.0,0.0,60.99182360431606,47302,0,0,0,35,SALT LAKE
974,350974,567.0,1073.1491340769549,1.892679248812972,3229.0,772.0,0.0,2457.0,4722.88528398519,10.0,762.0,0.0,0.0,1242.0,17.0,346.0,852.0,0.0,0.0,1452.8907795954035,40.99450438978621,47302,0,0,0,35,SALT LAKE
975,350975,521.0,1214.9359726007474,2.331930849521588,3710.0,1180.0,0.0,2530.0,3747.9949065076066,1.0,1179.0,0.0,0.0,2008.0,7.0,125.0,390.0,0.0,0.0,0.0,37.99490650760673,47302,0,0,0,35,SALT LAKE
976,350976,373.0,831.2253408457339,2.228486168487222,2964.0,474.0,0.0,2490.0,3577.9522567981853,23.0,451.0,0.0,0.0,1861.0,0.0,328.0,301.0,0.0,0.0,586.9558758585697,26.996380939615307,47302,0,0,0,35,SALT LAKE
977,350977,669.0,1536.6148625016017,2.2968832025435004,1977.0,218.0,3.0,1756.0,2024.9935661148716,35.0,183.0,1.0,2.0,986.0,274.0,81.0,415.0,0.0,0.0,0.0,47.993566114871655,47302,0,0,0,35,SALT LAKE
978,350978,525.0,1149.3595597834933,2.1892563043495112,2065.0,418.0,0.0,1647.0,2102.9949065076066,114.0,304.0,0.0,0.0,1004.0,227.0,38.0,378.0,0.0,0.0,0.0,37.99490650760673,47302,0,0,0,35,SALT LAKE
979,350979,505.0,1047.4502695945175,2.074158949692114,2457.0,76.0,7.0,2374.0,2538.138887161004,0.0,76.0,2.0,5.0,1402.0,607.0,1.0,364.0,0.0,45.1437125748503,0.0,35.99517458615374,47302,0,0,0,35,SALT LAKE
980,350980,717.0,1598.646604355761,2.229632642058244,0.0,0.0,0.0,0.0,51.99302995777762,0.0,0.0,0.0,0.0,0.0,0.0,0.0,0.0,0.0,0.0,0.0,51.99302995777762,47302,0,0,0,35,SALT LAKE
981,350981,499.0,1107.7096759671292,2.219859070074407,1403.0,6.0,0.0,1397.0,1438.9951745861538,2.0,4.0,0.0,0.0,399.0,123.0,2.0,873.0,0.0,0.0,0.0,35.99517458615374,47302,0,0,0,35,SALT LAKE
982,350982,0.0,0.0,0.0,490.0,9.0,0.0,481.0,490.0,0.0,9.0,0.0,0.0,116.0,356.0,0.0,9.0,0.0,0.0,0.0,0.0,47302,0,0,0,35,SALT LAKE
983,350983,906.0,2084.2665262997502,2.300514929690673,0.0,0.0,0.0,0.0,64.99128744722204,0.0,0.0,0.0,0.0,0.0,0.0,0.0,0.0,0.0,0.0,0.0,64.99128744722204,21102,0,0,0,35,SALT LAKE
984,350984,442.0,726.6575474344368,1.6440216005304,570.0,6.0,1.0,563.0,601.9957107432477,1.0,5.0,1.0,0.0,212.0,20.0,121.0,210.0,0.0,0.0,0.0,31.99571074324777,21102,0,0,0,35,SALT LAKE
985,350985,794.0,1671.3123590992047,2.104927404407059,641.0,22.0,0.0,619.0,697.9923597614101,16.0,6.0,0.0,0.0,215.0,14.0,36.0,354.0,0.0,0.0,0.0,56.99235976141009,21102,0,0,0,35,SALT LAKE
986,350986,476.0,758.5595861022902,1.5936125758451474,343.0,27.0,0.0,316.0,376.99544266470076,7.0,20.0,0.0,0.0,93.0,0.0,58.0,165.0,0.0,0.0,0.0,33.995442664700754,21102,0,0,0,35,SALT LAKE
987,350987,1048.0,2027.5517908902332,1.9346868233685437,1345.0,58.0,2.0,1285.0,1419.989947054487,2.0,56.0,2.0,0.0,1056.0,21.0,21.0,187.0,0.0,0.0,0.0,74.98994705448696,21102,0,0,0,35,SALT LAKE
988,350988,340.0,637.1546056162928,1.873984134165567,167.0,54.0,0.0,113.0,190.99678305743583,4.0,50.0,0.0,0.0,67.0,0.0,16.0,30.0,0.0,0.0,0.0,23.996783057435827,21102,0,0,0,35,SALT LAKE
989,350989,858.0,1774.1078170289543,2.067724728471975,38.0,6.0,0.0,32.0,99.99168956504256,0.0,6.0,0.0,0.0,6.0,13.0,11.0,2.0,0.0,0.0,0.0,61.99168956504256,21102,0,0,0,35,SALT LAKE
990,350990,435.0,720.4543732490209,1.6562169499977493,200.0,3.0,4.0,193.0,230.9958447825213,2.0,1.0,4.0,0.0,49.0,3.0,59.0,82.0,0.0,0.0,0.0,30.99584478252128,21102,0,0,0,35,SALT LAKE
991,350991,3578.0,7756.626234992226,2.167866471490281,3531.0,48.0,474.0,3009.0,3788.965417867435,20.0,28.0,4.0,470.0,2403.0,2.0,42.0,562.0,0.0,0.0,0.0,257.9654178674351,47302,0,0,0,35,SALT LAKE
992,350992,1394.0,3265.528124751097,2.342559630380988,39.0,0.0,2.0,37.0,138.98659607264926,0.0,0.0,2.0,0.0,16.0,0.0,0.0,21.0,0.0,0.0,0.0,99.98659607264928,47302,0,0,0,35,SALT LAKE
993,350993,478.0,1130.7500372272457,2.365585851939844,2455.0,68.0,7.0,2380.0,2488.995442664701,26.0,42.0,4.0,3.0,1295.0,1.0,81.0,1003.0,0.0,0.0,0.0,33.995442664700754,47302,0,0,0,35,SALT LAKE
994,350994,472.0,1080.2384760031446,2.2886408389897133,2227.0,347.0,5.0,1875.0,2260.995442664701,11.0,336.0,3.0,2.0,1398.0,12.0,133.0,332.0,0.0,0.0,0.0,33.995442664700754,47302,0,0,0,35,SALT LAKE
995,350995,756.0,1697.8973913224158,2.245896020267746,0.0,0.0,0.0,0.0,53.99276187923061,0.0,0.0,0.0,0.0,0.0,0.0,0.0,0.0,0.0,0.0,0.0,53.99276187923061,47302,0,0,0,35,SALT LAKE
996,350996,746.0,1674.8570300622994,2.2451166622819025,597.0,174.0,2.0,421.0,650.9927618792306,0.0,174.0,0.0,2.0,273.0,0.0,14.0,134.0,0.0,0.0,0.0,53.99276187923061,47302,0,0,0,35,SALT LAKE
997,350997,682.0,1627.0039720605196,2.3856363226693835,0.0,0.0,0.0,0.0,48.99343207559815,0.0,0.0,0.0,0.0,0.0,0.0,0.0,0.0,0.0,0.0,0.0,48.99343207559815,47302,0,0,0,35,SALT LAKE
998,350998,688.0,1539.2733657239228,2.237315938552213,0.0,0.0,0.0,0.0,49.99329803632464,0.0,0.0,0.0,0.0,0.0,0.0,0.0,0.0,0.0,0.0,0.0,49.99329803632464,47302,0,0,0,35,SALT LAKE
999,350999,723.0,1627.0039720605196,2.250351275325753,163.0,69.0,0.0,94.0,214.99302995777762,0.0,69.0,0.0,0.0,83.0,0.0,7.0,4.0,0.0,0.0,0.0,51.99302995777762,47302,0,0,0,35,SALT LAKE
1000,351000,819.0,1694.352720359321,2.068806740365471,0.0,0.0,0.0,0.0,58.99209168286308,0.0,0.0,0.0,0.0,0.0,0.0,0.0,0.0,0.0,0.0,0.0,58.99209168286308,47302,0,0,0,35,SALT LAKE
1001,351001,904.0,2087.8111972628453,2.309525660688988,0.0,0.0,0.0,0.0,64.99128744722204,0.0,0.0,0.0,0.0,0.0,0.0,0.0,0.0,0.0,0.0,0.0,64.99128744722204,47302,0,0,0,35,SALT LAKE
1002,351002,0.0,0.0,0.0,5443.0,3339.0,3.0,2101.0,5443.0,454.0,2885.0,0.0,3.0,114.0,9.0,2.0,1976.0,0.0,0.0,0.0,0.0,47302,0,0,0,35,SALT LAKE
1003,351003,220.0,490.050760647858,2.2275034574902635,0.0,0.0,0.0,0.0,15.997855371623883,0.0,0.0,0.0,0.0,0.0,0.0,0.0,0.0,0.0,0.0,0.0,15.997855371623883,47302,0,0,0,35,SALT LAKE
1004,351004,251.0,582.2122056883231,2.319570540590929,14.0,2.0,1.0,11.0,31.99758729307687,0.0,2.0,1.0,0.0,1.0,0.0,0.0,10.0,0.0,0.0,0.0,17.99758729307687,47302,0,0,0,35,SALT LAKE
1005,351005,285.0,531.700644464222,1.8656162963656917,242.0,31.0,10.0,201.0,262.99718517525633,1.0,30.0,0.0,10.0,22.0,0.0,0.0,179.0,0.0,0.0,0.0,20.997185175256348,47302,0,0,0,35,SALT LAKE
1006,351006,142.0,279.14283834371656,1.965794636223356,783.0,187.0,1.0,595.0,792.9986596072649,14.0,173.0,1.0,0.0,68.0,0.0,0.0,527.0,0.0,0.0,0.0,9.998659607264928,47302,0,0,0,35,SALT LAKE
1007,351007,743.0,1634.9794817274828,2.200510742567272,0.0,0.0,0.0,0.0,53.99276187923061,0.0,0.0,0.0,0.0,0.0,0.0,0.0,0.0,0.0,0.0,0.0,53.99276187923061,47302,0,0,0,35,SALT LAKE
1008,351008,801.0,1595.101933392666,1.9913881815139405,461.0,253.0,0.0,208.0,518.9922257221366,11.0,242.0,0.0,0.0,100.0,0.0,27.0,81.0,0.0,0.0,0.0,57.99222572213658,47302,0,0,0,35,SALT LAKE
1009,351009,521.0,1059.8566179653492,2.034273738897024,204.0,2.0,36.0,166.0,241.99490650760674,0.0,2.0,29.0,7.0,81.0,1.0,1.0,83.0,0.0,0.0,0.0,37.99490650760673,47302,0,0,0,35,SALT LAKE
1010,351010,258.0,579.553702466002,2.246332180100783,352.0,31.0,96.0,225.0,370.99745325380337,29.0,2.0,67.0,29.0,40.0,6.0,0.0,179.0,0.0,0.0,0.0,18.997453253803364,47302,0,0,0,35,SALT LAKE
1011,351011,667.0,1323.9346047159129,1.984909452347696,40.0,8.0,2.0,30.0,87.99356611487165,0.0,8.0,1.0,1.0,16.0,0.0,5.0,9.0,0.0,0.0,0.0,47.993566114871655,47302,6,0,0,35,SALT LAKE
1012,351012,504.0,1105.051172744808,2.192561850684143,160.0,38.0,1.0,121.0,212.99389671493685,32.0,6.0,1.0,0.0,44.0,0.0,41.0,36.0,0.0,0.0,16.99872212878311,35.99517458615374,47302,0,0,0,35,SALT LAKE
1013,351013,1213.0,2871.183480106799,2.3670102886288533,2162.0,170.0,1.0,1991.0,2248.988338583205,10.0,160.0,1.0,0.0,595.0,0.0,538.0,858.0,0.0,0.0,0.0,86.98833858320488,47302,0,0,0,35,SALT LAKE
1014,351014,1536.0,3530.4922792424345,2.2984975776317933,0.0,0.0,0.0,0.0,110.9851216406407,0.0,0.0,0.0,0.0,0.0,0.0,0.0,0.0,0.0,0.0,0.0,110.9851216406407,47302,0,0,0,35,SALT LAKE
1015,351015,0.0,0.0,0.0,801.0,2.0,0.0,799.0,801.0,0.0,2.0,0.0,0.0,552.0,12.0,0.0,235.0,0.0,0.0,0.0,0.0,15646,0,0,0,35,SALT LAKE
1016,351016,97.0,197.61540619253583,2.037272228789029,505.0,108.0,174.0,223.0,511.9990617250854,0.0,108.0,2.0,172.0,26.0,190.0,3.0,4.0,0.0,0.0,0.0,6.99906172508545,15646,0,0,0,35,SALT LAKE
1017,351017,922.0,2121.485571412246,2.300960489601134,504.0,141.0,0.0,363.0,569.9911534079486,5.0,136.0,0.0,0.0,228.0,0.0,36.0,99.0,0.0,0.0,0.0,65.99115340794853,15646,0,0,0,35,SALT LAKE
1018,351018,811.0,1613.711455948914,1.9897798470393515,43.0,2.0,0.0,41.0,100.99222572213658,0.0,2.0,0.0,0.0,31.0,0.0,2.0,8.0,0.0,0.0,0.0,57.99222572213658,15646,0,0,0,35,SALT LAKE
1019,351019,408.0,691.2108378034886,1.6941442103026685,100.0,0.0,0.0,100.0,128.9961128610683,0.0,0.0,0.0,0.0,84.0,16.0,0.0,0.0,0.0,0.0,0.0,28.99611286106829,15646,0,0,0,35,SALT LAKE
1020,351020,762.0,1775.8801525105016,2.330551381247377,131.0,30.0,2.0,99.0,212.99059827978908,25.0,5.0,0.0,2.0,9.0,0.0,6.0,84.0,0.0,0.0,26.997970439832,54.9926278399571,15646,0,0,0,35,SALT LAKE
1021,351021,256.0,383.7106317550136,1.498869655293022,569.0,5.0,3.0,561.0,586.9975872930769,5.0,0.0,2.0,1.0,29.0,120.0,74.0,338.0,0.0,0.0,0.0,17.99758729307687,15646,0,0,0,35,SALT LAKE
1022,351022,93.0,138.24216756069774,1.4864749200075025,1.0,0.0,0.0,1.0,7.99906172508545,0.0,0.0,0.0,0.0,1.0,0.0,0.0,0.0,0.0,0.0,0.0,6.99906172508545,27592,0,0,0,35,SALT LAKE
1023,351023,680.0,1391.2833530147143,2.046004930903992,879.0,83.0,29.0,767.0,927.9934320755981,51.0,32.0,28.0,1.0,41.0,91.0,44.0,591.0,0.0,0.0,0.0,48.99343207559815,15646,196,196,0,35,SALT LAKE
1024,351024,171.0,245.46846419431583,1.4354880947036015,175.0,33.0,33.0,109.0,186.99839152871792,29.0,4.0,0.0,33.0,38.0,3.0,1.0,67.0,0.0,0.0,0.0,11.998391528717914,22632,0,0,0,35,SALT LAKE
1025,351025,475.0,755.0149151391953,1.589505084503569,43.0,5.0,2.0,36.0,76.99544266470076,5.0,0.0,0.0,2.0,4.0,0.0,0.0,32.0,0.0,0.0,0.0,33.995442664700754,27592,0,0,0,35,SALT LAKE
1026,351026,44.0,77.0965934473122,1.7521953056207318,588.0,59.0,353.0,176.0,590.9995978821795,29.0,30.0,3.0,350.0,66.0,22.0,0.0,88.0,0.0,0.0,0.0,2.9995978821794784,39739,0,0,0,35,SALT LAKE
1027,351027,0.0,0.0,0.0,2341.0,140.0,1339.0,862.0,2343.999774493315,109.0,31.0,530.0,809.0,416.0,402.0,2.0,42.0,0.0,0.0,2.9997744933146664,0.0,39739,0,0,0,35,SALT LAKE
1028,351028,259.0,537.0176509088643,2.0734272235863487,760.0,43.0,97.0,620.0,778.9974532538033,31.0,12.0,64.0,33.0,152.0,24.0,177.0,267.0,0.0,0.0,0.0,18.997453253803364,39739,0,0,0,35,SALT LAKE
1029,351029,0.0,0.0,0.0,845.0,423.0,230.0,192.0,2371.3191424427496,422.0,1.0,54.0,176.0,96.0,20.0,0.0,76.0,0.0,56.42964071856287,1469.8895017241866,0.0,98944,0,0,0,35,SALT LAKE
1030,351030,324.0,735.5192248421738,2.270121064327697,106.0,3.0,56.0,47.0,128.99691709670932,3.0,0.0,18.0,38.0,19.0,0.0,5.0,23.0,0.0,0.0,0.0,22.996917096709332,98944,0,0,0,35,SALT LAKE
1031,351031,289.0,620.3174185415924,2.146427053777136,0.0,0.0,0.0,0.0,20.997185175256348,0.0,0.0,0.0,0.0,0.0,0.0,0.0,0.0,0.0,0.0,0.0,20.997185175256348,98944,0,0,0,35,SALT LAKE
1032,351032,810.0,2098.4452101521297,2.5906730989532467,9.0,3.0,1.0,5.0,66.99222572213658,0.0,3.0,1.0,0.0,0.0,4.0,0.0,1.0,0.0,0.0,0.0,57.99222572213658,138363,0,0,0,35,SALT LAKE
1033,351033,207.0,526.3836380195798,2.5429161256984534,0.0,0.0,0.0,0.0,14.997989410897391,0.0,0.0,0.0,0.0,0.0,0.0,0.0,0.0,0.0,0.0,0.0,14.997989410897391,171004,0,0,0,35,SALT LAKE
1034,351034,426.0,900.3464246260827,2.11348925968564,314.0,100.0,34.0,180.0,365.99426623572396,95.0,5.0,11.0,23.0,27.0,9.0,103.0,41.0,0.0,0.0,20.998421453202667,30.99584478252128,43081,0,0,0,35,SALT LAKE
1035,351035,1060.0,2084.2665262997502,1.9662891757544811,834.0,114.0,62.0,658.0,909.9898130152135,112.0,2.0,47.0,15.0,375.0,103.0,26.0,154.0,0.0,0.0,0.0,75.98981301521346,43081,0,0,0,35,SALT LAKE
1036,351036,432.0,910.0942697745934,2.1066996985522994,286.0,6.0,231.0,49.0,316.99584478252126,6.0,0.0,5.0,226.0,4.0,3.0,9.0,33.0,0.0,0.0,0.0,30.99584478252128,42755,0,0,0,35,SALT LAKE
1037,351037,398.0,889.7124117367982,2.235458320946729,121.0,21.0,86.0,14.0,149.9961128610683,21.0,0.0,26.0,60.0,2.0,2.0,0.0,10.0,0.0,0.0,0.0,28.99611286106829,43081,0,0,0,35,SALT LAKE
1038,351038,629.0,1333.6824498644237,2.120321859879847,318.0,7.0,18.0,293.0,369.9934420504264,2.0,5.0,3.0,15.0,49.0,170.0,47.0,27.0,0.0,0.0,6.999473817734222,44.993968232692175,41835,0,1191,1191,35,SALT LAKE
1039,351039,568.0,1024.409908334401,1.8035385710112692,272.0,4.0,47.0,221.0,312.9945043897862,4.0,0.0,27.0,20.0,23.0,15.0,2.0,181.0,0.0,0.0,0.0,40.99450438978621,55510,0,0,0,35,SALT LAKE
1040,351040,506.0,844.5178569573394,1.6690076224453347,290.0,7.0,2.0,281.0,325.9951745861537,7.0,0.0,0.0,2.0,92.0,68.0,9.0,112.0,0.0,0.0,0.0,35.99517458615374,13733,789,0,0,35,SALT LAKE
1041,351041,525.0,895.0294181814404,1.70481793939322,0.0,0.0,0.0,0.0,37.99490650760673,0.0,0.0,0.0,0.0,0.0,0.0,0.0,0.0,0.0,0.0,0.0,37.99490650760673,64537,0,0,0,35,SALT LAKE
1042,351042,0.0,0.0,0.0,2158.0,53.0,0.0,2105.0,2158.0,20.0,33.0,0.0,0.0,1.0,1645.0,1.0,458.0,0.0,0.0,0.0,0.0,64537,0,0,0,35,SALT LAKE
1043,351043,1222.0,2061.226165039634,1.686764455842581,110.0,66.0,0.0,44.0,201.98790386835094,24.0,42.0,0.0,0.0,13.0,0.0,9.0,22.0,0.0,0.0,3.9996993244195553,87.98820454393137,32124,0,0,0,35,SALT LAKE
1044,351044,529.0,864.8997149951346,1.634971105850916,228.0,10.0,47.0,171.0,265.99490650760674,1.0,9.0,0.0,47.0,105.0,0.0,1.0,65.0,0.0,0.0,0.0,37.99490650760673,33483,0,0,0,35,SALT LAKE
1045,351045,138.0,247.2407996758633,1.791599997651183,391.0,3.0,1.0,387.0,400.9986596072649,0.0,3.0,0.0,1.0,0.0,9.0,378.0,0.0,0.0,0.0,0.0,9.998659607264928,67836,0,0,0,35,SALT LAKE
1046,351046,265.0,513.0911219079743,1.9361929128602804,0.0,0.0,0.0,0.0,18.997453253803364,0.0,0.0,0.0,0.0,0.0,0.0,0.0,0.0,0.0,0.0,0.0,18.997453253803364,67836,0,0,0,35,SALT LAKE
1047,351047,238.0,436.8806962014358,1.8356331773169567,52.0,5.0,0.0,47.0,68.99772133235038,0.0,5.0,0.0,0.0,22.0,12.0,3.0,10.0,0.0,0.0,0.0,16.997721332350377,79722,342,0,0,35,SALT LAKE
1048,351048,154.0,275.59816738062176,1.789598489484557,1669.0,31.0,5.0,1633.0,1679.9985255679915,2.0,29.0,1.0,4.0,57.0,188.0,1380.0,8.0,0.0,0.0,0.0,10.998525567991422,67836,0,0,0,35,SALT LAKE
1049,351049,285.0,532.5868122049958,1.8687256568596344,0.0,0.0,0.0,0.0,20.997185175256348,0.0,0.0,0.0,0.0,0.0,0.0,0.0,0.0,0.0,0.0,0.0,20.997185175256348,67836,0,0,0,35,SALT LAKE
1050,351050,283.0,517.5219606118428,1.828699507462342,23.0,10.0,0.0,13.0,42.99731921452985,1.0,9.0,0.0,0.0,11.0,0.0,1.0,1.0,0.0,0.0,0.0,19.997319214529856,79722,0,0,0,35,SALT LAKE
1051,351051,688.0,1072.262966336181,1.558521753395612,0.0,0.0,0.0,0.0,49.99329803632464,0.0,0.0,0.0,0.0,0.0,0.0,0.0,0.0,0.0,0.0,0.0,49.99329803632464,43936,0,0,0,35,SALT LAKE
1052,351052,539.0,795.7786312147857,1.4763982026248343,356.0,158.0,0.0,198.0,394.9947724683332,154.0,4.0,0.0,0.0,3.0,50.0,1.0,144.0,0.0,0.0,0.0,38.99477246833322,51224,0,0,0,35,SALT LAKE
1053,351053,620.0,881.7369020698349,1.422156293661024,597.0,110.0,3.0,484.0,641.9939682326922,5.0,105.0,3.0,0.0,199.0,31.0,65.0,189.0,0.0,0.0,0.0,44.993968232692175,42637,288,82,0,35,SALT LAKE
1054,351054,633.0,1056.3119470022546,1.6687392527681746,16.0,3.0,0.0,13.0,61.99383419341867,3.0,0.0,0.0,0.0,4.0,0.0,6.0,3.0,0.0,0.0,0.0,45.99383419341867,38415,0,0,0,35,SALT LAKE
1055,351055,46.0,79.7550966696333,1.7338064493398544,0.0,0.0,0.0,0.0,2.9995978821794784,0.0,0.0,0.0,0.0,0.0,0.0,0.0,0.0,0.0,0.0,0.0,2.9995978821794784,89861,0,0,0,35,SALT LAKE
1056,351056,396.0,980.9876890364897,2.4772416389810346,361.0,4.0,4.0,353.0,389.9961128610683,0.0,4.0,0.0,4.0,4.0,6.0,246.0,97.0,0.0,0.0,0.0,28.99611286106829,205487,0,0,0,35,SALT LAKE
1057,351057,679.0,1167.9690823397411,1.7201311963766437,492.0,9.0,0.0,483.0,540.9934320755981,9.0,0.0,0.0,0.0,158.0,17.0,43.0,265.0,0.0,0.0,0.0,48.99343207559815,42334,0,0,0,35,SALT LAKE
1058,351058,468.0,809.9573150671649,1.7306780236477883,102.0,34.0,0.0,68.0,135.99544266470076,7.0,27.0,0.0,0.0,13.0,1.0,24.0,30.0,0.0,0.0,0.0,33.995442664700754,59811,0,0,0,35,SALT LAKE
1059,351059,374.0,626.5205927270083,1.675188750606974,35.0,1.0,0.0,34.0,61.99638093961531,0.0,1.0,0.0,0.0,4.0,8.0,0.0,22.0,0.0,0.0,0.0,26.996380939615307,89861,0,0,0,35,SALT LAKE
1060,351060,272.0,419.1573413859617,1.5410196374483889,1158.0,16.0,14.0,1128.0,1177.9973192145299,12.0,4.0,10.0,4.0,259.0,42.0,133.0,694.0,0.0,0.0,0.0,19.997319214529856,27676,0,0,0,35,SALT LAKE
1061,351061,287.0,569.8058573174912,1.9853862624302832,3373.0,25.0,13.0,3335.0,4306.92855597402,1.0,24.0,13.0,0.0,1781.0,271.0,262.0,1021.0,0.0,0.0,912.9313707987635,20.997185175256348,27676,0,0,0,35,SALT LAKE
1062,351062,341.0,627.406760467782,1.8399025233659292,296.0,4.0,0.0,292.0,320.9966490181623,0.0,4.0,0.0,0.0,23.0,180.0,74.0,15.0,0.0,0.0,0.0,24.99664901816232,27676,0,254,254,35,SALT LAKE
1063,351063,644.0,1113.0266824117714,1.7283023018816326,1551.0,28.0,3.0,1520.0,1596.9938341934187,6.0,22.0,3.0,0.0,714.0,58.0,69.0,679.0,0.0,0.0,0.0,45.99383419341867,27676,0,86,86,35,SALT LAKE
1064,351064,388.0,646.9024507648035,1.667274357641246,825.0,166.0,5.0,654.0,852.9962469003418,130.0,36.0,5.0,0.0,305.0,40.0,79.0,230.0,0.0,0.0,0.0,27.9962469003418,26536,0,0,0,35,SALT LAKE
1065,351065,381.0,761.2180893246112,1.9979477410094784,938.0,134.0,0.0,804.0,964.9963809396153,35.0,99.0,0.0,0.0,218.0,15.0,235.0,336.0,0.0,0.0,0.0,26.996380939615307,26536,0,0,0,35,SALT LAKE
1066,351066,427.0,747.9255732130057,1.7515821386721444,74.0,12.0,1.0,61.0,104.99584478252129,4.0,8.0,0.0,1.0,31.0,3.0,6.0,21.0,0.0,0.0,0.0,30.99584478252128,26536,0,0,0,35,SALT LAKE
1067,351067,898.0,1660.6783462099202,1.8493077352003569,207.0,87.0,0.0,120.0,299.98918271815893,19.0,68.0,0.0,0.0,53.0,0.0,22.0,45.0,0.0,0.0,27.997895270936887,64.99128744722204,26536,0,0,0,35,SALT LAKE
1068,351068,1082.0,1774.1078170289543,1.6396560231321204,924.0,59.0,37.0,828.0,1001.9895449366664,55.0,4.0,19.0,18.0,157.0,100.0,278.0,293.0,0.0,0.0,0.0,77.98954493666643,36083,0,391,0,35,SALT LAKE
1069,351069,615.0,998.7110438519636,1.6239203965072582,243.0,47.0,0.0,196.0,286.9941022719657,14.0,33.0,0.0,0.0,8.0,1.0,176.0,11.0,0.0,0.0,0.0,43.99410227196569,27372,0,0,0,35,SALT LAKE
1070,351070,549.0,891.4847472183457,1.623833783639974,1117.0,78.0,9.0,1030.0,1160.2191893272634,34.0,44.0,9.0,0.0,30.0,23.0,443.0,534.0,0.0,3.2245508982035926,0.0,39.99463842905971,38846,0,0,0,35,SALT LAKE
1071,351071,459.0,801.9818054002016,1.747237048802182,1232.0,90.0,0.0,1142.0,1264.9955767039742,79.0,11.0,0.0,0.0,20.0,7.0,980.0,135.0,0.0,0.0,0.0,32.995576703974265,35609,0,0,0,35,SALT LAKE
1072,351072,446.0,804.6403086225228,1.804126252516867,67.0,21.0,0.0,46.0,98.99571074324777,12.0,9.0,0.0,0.0,1.0,0.0,23.0,22.0,0.0,0.0,0.0,31.99571074324777,52491,0,0,0,35,SALT LAKE
1073,351073,460.0,819.7051602156756,1.7819677395992948,107.0,12.0,11.0,84.0,139.99557670397428,12.0,0.0,0.0,11.0,5.0,9.0,28.0,42.0,0.0,0.0,0.0,32.995576703974265,25165,0,0,0,35,SALT LAKE
1074,351074,293.0,488.27842516631057,1.666479266779217,395.0,353.0,0.0,42.0,415.99718517525633,135.0,218.0,0.0,0.0,1.0,0.0,11.0,30.0,0.0,0.0,0.0,20.997185175256348,40408,0,0,0,35,SALT LAKE
1075,351075,0.0,0.0,0.0,23717.0,222.0,20.0,23475.0,23717.0,63.0,159.0,1.0,19.0,38.0,21673.0,1327.0,437.0,0.0,0.0,0.0,0.0,208873,0,0,0,35,SALT LAKE
1076,351076,23.0,41.64988381636406,1.810864513754959,15085.0,1759.0,731.0,12595.0,15086.999731921453,6.0,1753.0,11.0,720.0,1105.0,575.0,10533.0,382.0,0.0,0.0,0.0,1.9997319214529856,31395,13,0,0,35,SALT LAKE
1077,351077,372.0,786.9169538070487,2.1153681553952923,12562.0,532.0,150.0,11880.0,12601.049211128295,0.0,532.0,118.0,32.0,2905.0,828.0,7519.0,628.0,12.052830188679248,0.0,0.0,26.996380939615307,27133,5,12,10,35,SALT LAKE
1078,351078,219.0,377.5074575695977,1.723778345066656,777.0,30.0,0.0,747.0,809.996577500407,1.0,29.0,0.0,0.0,423.0,12.0,17.0,295.0,0.0,0.0,16.99872212878311,15.997855371623883,34865,0,0,0,35,SALT LAKE
1079,351079,335.0,795.7786312147857,2.375458600641152,1130.0,295.0,12.0,823.0,1153.9967830574358,236.0,59.0,2.0,10.0,420.0,15.0,141.0,247.0,0.0,0.0,0.0,23.996783057435827,34865,0,0,0,35,SALT LAKE
1080,351080,201.0,354.4670963094813,1.7635178920869718,361.0,17.0,0.0,344.0,374.9981234501709,0.0,17.0,0.0,0.0,263.0,3.0,3.0,75.0,0.0,0.0,0.0,13.9981234501709,34865,0,0,0,35,SALT LAKE
1081,351081,270.0,487.39225742553685,1.8051565089834696,1965.0,344.0,15.0,1606.0,1983.9974532538033,175.0,169.0,6.0,9.0,457.0,46.0,16.0,1087.0,0.0,0.0,0.0,18.997453253803364,34865,0,0,0,35,SALT LAKE
1082,351082,435.0,703.6171861743205,1.61751077281453,57.0,9.0,2.0,46.0,87.99584478252129,9.0,0.0,0.0,2.0,14.0,1.0,0.0,31.0,0.0,0.0,0.0,30.99584478252128,34865,0,0,0,35,SALT LAKE
1083,351083,291.0,455.4902187576836,1.56525848370338,40.0,8.0,7.0,25.0,60.99718517525635,3.0,5.0,0.0,7.0,1.0,0.0,0.0,24.0,0.0,0.0,0.0,20.997185175256348,34919,0,0,0,35,SALT LAKE
1084,351084,518.0,842.745521475792,1.6269218561308725,59.0,47.0,0.0,12.0,95.99504054688023,12.0,35.0,0.0,0.0,0.0,0.0,8.0,4.0,0.0,0.0,0.0,36.99504054688023,32070,0,0,0,35,SALT LAKE
1085,351085,489.0,843.6316892165656,1.7252181783569849,917.0,461.0,55.0,401.0,951.9953086254272,239.0,222.0,51.0,4.0,9.0,36.0,238.0,118.0,0.0,0.0,0.0,34.99530862542725,26558,263,0,0,35,SALT LAKE
1086,351086,563.0,986.304695481132,1.7518733489895773,535.0,31.0,4.0,500.0,575.9945043897862,2.0,29.0,0.0,4.0,83.0,10.0,248.0,159.0,0.0,0.0,0.0,40.99450438978621,26558,0,0,0,35,SALT LAKE
1087,351087,659.0,1183.9201016736677,1.796540366727872,448.0,263.0,20.0,165.0,494.99370015414513,167.0,96.0,20.0,0.0,39.0,0.0,34.0,92.0,0.0,0.0,0.0,46.99370015414516,30035,0,0,0,35,SALT LAKE
1088,351088,437.0,790.4616247701434,1.8088366699545615,618.0,222.0,15.0,381.0,648.9958447825213,191.0,31.0,11.0,4.0,10.0,214.0,19.0,138.0,0.0,0.0,0.0,30.99584478252128,46469,200,374,540,35,SALT LAKE
1089,351089,652.0,1169.7414178212885,1.7940819291737553,9.0,0.0,0.0,9.0,55.99370015414516,0.0,0.0,0.0,0.0,1.0,0.0,0.0,8.0,0.0,0.0,0.0,46.99370015414516,29556,0,0,0,35,SALT LAKE
1090,351090,426.0,786.0307860662749,1.84514269029642,25.0,12.0,1.0,12.0,57.608120231623076,0.0,12.0,0.0,1.0,3.0,0.0,0.0,9.0,0.0,1.6122754491017963,0.0,30.99584478252128,31856,0,0,0,35,SALT LAKE
1091,351091,388.0,673.4874829880146,1.7357924819278725,238.0,11.0,1.0,226.0,265.9962469003418,10.0,1.0,0.0,1.0,5.0,203.0,8.0,10.0,0.0,0.0,0.0,27.9962469003418,50557,317,74,1923,35,SALT LAKE
1092,351092,222.0,406.7509930151299,1.8322116802483328,2306.0,61.0,175.0,2070.0,2321.9978553716237,17.0,44.0,0.0,175.0,31.0,517.0,104.0,1418.0,0.0,0.0,0.0,15.997855371623883,26506,472,224,238,35,SALT LAKE
1093,351093,0.0,0.0,0.0,3597.0,49.0,1.0,3547.0,3597.0,0.0,49.0,0.0,1.0,64.0,752.0,2638.0,93.0,0.0,0.0,0.0,0.0,22016,0,0,0,35,SALT LAKE
1094,351094,565.0,1216.7083080822947,2.153466032004061,0.0,0.0,0.0,0.0,40.99450438978621,0.0,0.0,0.0,0.0,0.0,0.0,0.0,0.0,0.0,0.0,0.0,40.99450438978621,22016,0,0,0,35,SALT LAKE
1095,351095,472.0,1159.107404932004,2.4557360273983138,379.0,38.0,146.0,195.0,412.99544266470076,33.0,5.0,100.0,46.0,20.0,2.0,2.0,171.0,0.0,0.0,0.0,33.995442664700754,18741,0,0,0,35,SALT LAKE
1096,351096,416.0,897.6879214037616,2.1579036572205808,127.0,31.0,35.0,61.0,182.9940244305219,20.0,11.0,35.0,0.0,16.0,0.0,2.0,43.0,0.0,0.0,25.99804560872711,29.995978821794782,18741,0,0,0,35,SALT LAKE
1097,351097,295.0,676.1459862103356,2.292020292238426,767.0,285.0,74.0,408.0,787.9971851752564,269.0,16.0,59.0,15.0,5.0,40.0,47.0,316.0,0.0,0.0,0.0,20.997185175256348,18741,0,0,0,35,SALT LAKE
1098,351098,209.0,473.2135735731577,2.2641797778619983,430.0,10.0,114.0,306.0,451.4470912073046,10.0,0.0,64.0,50.0,2.0,8.0,17.0,279.0,0.0,6.449101796407185,0.0,14.997989410897391,18741,0,0,0,35,SALT LAKE
1099,351099,435.0,881.7369020698349,2.026981384068586,104.0,36.0,3.0,65.0,168.99328904008752,35.0,1.0,0.0,3.0,18.0,0.0,10.0,37.0,0.0,0.0,33.99744425756622,30.99584478252128,18741,0,0,0,35,SALT LAKE
1100,351100,265.0,528.1559735011273,1.993041409438216,766.0,187.0,51.0,528.0,784.9974532538033,177.0,10.0,13.0,38.0,169.0,136.0,12.0,211.0,0.0,0.0,0.0,18.997453253803364,18741,0,0,0,35,SALT LAKE
1101,351101,49.0,104.567793411297,2.134036600230551,559.0,127.0,34.0,398.0,562.9994638429059,113.0,14.0,6.0,28.0,95.0,117.0,2.0,184.0,0.0,0.0,0.0,3.9994638429059712,18741,0,325,325,35,SALT LAKE
1102,351102,378.0,729.316050656758,1.9294075414199947,900.0,385.0,43.0,472.0,1242.9726275687603,319.0,66.0,42.0,1.0,71.0,8.0,21.0,372.0,0.0,0.0,315.9762466291449,26.996380939615307,18741,0,0,0,35,SALT LAKE
1103,351103,662.0,1511.802165759938,2.283689072144921,774.0,199.0,12.0,563.0,827.993115101501,135.0,64.0,11.0,1.0,32.0,61.0,6.0,464.0,0.0,0.0,5.999548986629333,47.993566114871655,44130,434,0,0,35,SALT LAKE
1104,351104,682.0,1639.4103204313512,2.4038274493128315,207.0,62.0,26.0,119.0,255.99343207559815,19.0,43.0,0.0,26.0,12.0,4.0,78.0,25.0,0.0,0.0,0.0,48.99343207559815,52566,6,0,0,35,SALT LAKE
1105,351105,0.0,0.0,0.0,0.0,0.0,0.0,0.0,0.0,0.0,0.0,0.0,0.0,0.0,0.0,0.0,0.0,0.0,0.0,0.0,0.0,52566,0,0,0,35,SALT LAKE
1106,351106,669.0,1329.251611160555,1.9869231855912632,197.0,115.0,0.0,82.0,244.99356611487167,18.0,97.0,0.0,0.0,10.0,0.0,2.0,70.0,0.0,0.0,0.0,47.993566114871655,60839,0,0,0,35,SALT LAKE
1107,351107,574.0,1128.0915340049244,1.965316261332621,201.0,76.0,2.0,123.0,241.99450438978621,15.0,61.0,2.0,0.0,36.0,0.0,46.0,41.0,0.0,0.0,0.0,40.99450438978621,73581,0,0,0,35,SALT LAKE
1108,351108,232.0,518.4081283526165,2.234517794623347,4.0,0.0,0.0,4.0,20.997721332350377,0.0,0.0,0.0,0.0,2.0,0.0,0.0,2.0,0.0,0.0,0.0,16.997721332350377,74711,0,0,0,35,SALT LAKE
1109,351109,179.0,368.6457801618606,2.0594736321891656,42.0,34.0,0.0,8.0,54.998257489444406,1.0,33.0,0.0,0.0,5.0,0.0,0.0,3.0,0.0,0.0,0.0,12.998257489444406,74711,0,0,0,35,SALT LAKE
1110,351110,329.0,798.4371344371068,2.4268605909942456,7.0,1.0,0.0,6.0,30.996783057435827,0.0,1.0,0.0,0.0,5.0,0.0,0.0,1.0,0.0,0.0,0.0,23.996783057435827,102725,0,0,0,35,SALT LAKE
1111,351111,141.0,371.30428338418176,2.6333637119445514,0.0,0.0,0.0,0.0,9.998659607264928,0.0,0.0,0.0,0.0,0.0,0.0,0.0,0.0,0.0,0.0,0.0,9.998659607264928,86252,0,0,0,35,SALT LAKE
1112,351112,200.0,454.60405101690986,2.2730202550845493,0.0,0.0,0.0,0.0,13.9981234501709,0.0,0.0,0.0,0.0,0.0,0.0,0.0,0.0,0.0,0.0,0.0,13.9981234501709,102725,0,0,0,35,SALT LAKE
1113,351113,308.0,764.7627602877061,2.482995974960085,247.0,21.0,20.0,206.0,268.9970511359828,1.0,20.0,3.0,17.0,7.0,72.0,0.0,127.0,0.0,0.0,0.0,21.997051135982844,86252,565,0,0,35,SALT LAKE
1114,351114,513.0,1189.23710811831,2.3182009904840357,43.0,19.0,1.0,23.0,79.99504054688023,0.0,19.0,0.0,1.0,9.0,0.0,0.0,14.0,0.0,0.0,0.0,36.99504054688023,96577,0,0,0,35,SALT LAKE
1115,351115,586.0,1331.0239466421026,2.271371922597445,353.0,29.0,21.0,303.0,394.99437035051267,15.0,14.0,0.0,21.0,45.0,56.0,11.0,191.0,0.0,0.0,0.0,41.994370350512696,96062,513,0,0,35,SALT LAKE
1116,351116,303.0,677.0321539511094,2.2344295509937604,482.0,203.0,0.0,279.0,503.9970511359828,1.0,202.0,0.0,0.0,7.0,26.0,2.0,244.0,0.0,0.0,0.0,21.997051135982844,79509,0,0,0,35,SALT LAKE
1117,351117,862.0,1858.293752402456,2.1557932162441484,0.0,0.0,0.0,0.0,61.99168956504256,0.0,0.0,0.0,0.0,0.0,0.0,0.0,0.0,0.0,0.0,0.0,61.99168956504256,126822,0,0,0,35,SALT LAKE
1118,351118,515.0,1164.4244113766465,2.26101827451776,589.0,194.0,12.0,383.0,625.9950405468802,15.0,179.0,3.0,9.0,22.0,59.0,47.0,255.0,0.0,0.0,0.0,36.99504054688023,78660,451,0,0,35,SALT LAKE
1119,351119,286.0,653.1056249502194,2.2835861012245435,0.0,0.0,0.0,0.0,20.997185175256348,0.0,0.0,0.0,0.0,0.0,0.0,0.0,0.0,0.0,0.0,0.0,20.997185175256348,153997,0,0,0,35,SALT LAKE
1120,351120,146.0,326.99589634549653,2.239697920174634,10.0,4.0,0.0,6.0,20.998525567991422,0.0,4.0,0.0,0.0,3.0,0.0,0.0,3.0,0.0,0.0,0.0,10.998525567991422,80025,0,0,0,35,SALT LAKE
1121,351121,374.0,897.6879214037616,2.400235083967277,2315.0,477.0,269.0,1569.0,2341.9963809396154,402.0,75.0,135.0,134.0,9.0,131.0,0.0,1429.0,0.0,0.0,0.0,26.996380939615307,19378,0,0,0,35,SALT LAKE
1122,351122,628.0,1381.5355078662035,2.199897305519433,293.0,69.0,120.0,104.0,337.99396823269217,60.0,9.0,107.0,13.0,0.0,12.0,30.0,62.0,0.0,0.0,0.0,44.993968232692175,19378,0,0,0,35,SALT LAKE
1123,351123,600.0,1196.3264500444996,1.9938774167408329,510.0,64.0,258.0,188.0,552.9942363112392,30.0,34.0,19.0,239.0,15.0,12.0,8.0,153.0,0.0,0.0,0.0,42.99423631123919,19378,0,0,0,35,SALT LAKE
1124,351124,561.0,1233.5454951569952,2.198833324700526,248.0,71.0,2.0,175.0,287.9946384290597,18.0,53.0,0.0,2.0,52.0,15.0,47.0,61.0,0.0,0.0,0.0,39.99463842905971,19378,0,0,0,35,SALT LAKE
1125,351125,342.0,778.0552763993117,2.275015428068163,1064.0,144.0,84.0,836.0,1088.9966490181623,65.0,79.0,43.0,41.0,127.0,71.0,5.0,633.0,0.0,0.0,0.0,24.99664901816232,19378,0,0,0,35,SALT LAKE
1126,351126,599.0,1188.3509403775363,1.9838913862730156,1693.0,78.0,62.0,1553.0,1735.994236311239,10.0,68.0,11.0,51.0,48.0,752.0,91.0,662.0,0.0,0.0,0.0,42.99423631123919,13067,683,0,0,35,SALT LAKE
1127,351127,731.0,1479.9001270920846,2.024487177964548,58.0,7.0,3.0,48.0,110.99289591850412,5.0,2.0,2.0,1.0,29.0,2.0,3.0,14.0,0.0,0.0,0.0,52.99289591850412,35609,0,0,0,35,SALT LAKE
1128,351128,569.0,1154.6765662281357,2.029308552246284,326.0,101.0,71.0,154.0,366.9945043897862,51.0,50.0,0.0,71.0,20.0,44.0,23.0,67.0,0.0,0.0,0.0,40.99450438978621,61121,428,0,0,35,SALT LAKE
1129,351129,563.0,1145.8148888203984,2.0351951844056813,152.0,71.0,1.0,80.0,192.99450438978621,66.0,5.0,0.0,1.0,43.0,0.0,18.0,19.0,0.0,0.0,0.0,40.99450438978621,51212,0,0,0,35,SALT LAKE
1130,351130,652.0,1278.740049936454,1.9612577453013096,361.0,93.0,21.0,247.0,407.99370015414513,20.0,73.0,11.0,10.0,54.0,62.0,47.0,84.0,0.0,0.0,0.0,46.99370015414516,33455,575,0,0,35,SALT LAKE
1131,351131,570.0,1162.652075895099,2.039740484026489,439.0,48.0,94.0,297.0,479.9945043897862,32.0,16.0,3.0,91.0,85.0,25.0,55.0,132.0,0.0,0.0,0.0,40.99450438978621,63745,0,0,0,35,SALT LAKE
1132,351132,582.0,1272.536875751038,2.1864894772354604,60.0,37.0,0.0,23.0,101.9943703505127,0.0,37.0,0.0,0.0,7.0,0.0,1.0,15.0,0.0,0.0,0.0,41.994370350512696,62715,0,0,0,35,SALT LAKE
1133,351133,474.0,1025.2960760751748,2.1630718904539554,137.0,47.0,0.0,90.0,170.99544266470076,27.0,20.0,0.0,0.0,59.0,0.0,8.0,23.0,0.0,0.0,0.0,33.995442664700754,87018,0,0,0,35,SALT LAKE
1134,351134,343.0,913.6389407376882,2.663670381159441,242.0,145.0,0.0,97.0,266.9966490181623,145.0,0.0,0.0,0.0,20.0,71.0,2.0,4.0,0.0,0.0,0.0,24.99664901816232,91769,0,724,0,35,SALT LAKE
1135,351135,405.0,1018.2067341489852,2.5140907016024325,153.0,24.0,4.0,125.0,181.9961128610683,24.0,0.0,0.0,4.0,28.0,3.0,10.0,84.0,0.0,0.0,0.0,28.99611286106829,97828,0,0,0,35,SALT LAKE
1136,351136,493.0,1253.0411854540166,2.5416656905760986,1820.0,350.0,8.0,1462.0,1855.9951745861538,227.0,123.0,4.0,4.0,78.0,391.0,35.0,958.0,0.0,0.0,0.0,35.99517458615374,69943,0,0,0,35,SALT LAKE
1137,351137,29.0,54.05623218719591,1.8640080064550315,1473.0,1063.0,155.0,255.0,1474.999731921453,903.0,160.0,40.0,115.0,75.0,48.0,6.0,126.0,0.0,0.0,0.0,1.9997319214529856,17918,0,0,0,35,SALT LAKE
1138,351138,96.0,213.56642552646247,2.2246502659006517,665.0,262.0,306.0,97.0,671.9990617250854,254.0,8.0,270.0,36.0,3.0,30.0,0.0,64.0,0.0,0.0,0.0,6.99906172508545,17918,0,0,0,35,SALT LAKE
1139,351139,240.0,555.627173465112,2.3151132227713003,96.0,13.0,27.0,56.0,112.99772133235038,5.0,8.0,0.0,27.0,9.0,2.0,0.0,45.0,0.0,0.0,0.0,16.997721332350377,29125,0,0,0,35,SALT LAKE
1140,351140,224.0,514.8634573895217,2.2984975776317933,191.0,71.0,16.0,104.0,206.99785537162387,61.0,10.0,16.0,0.0,2.0,38.0,0.0,64.0,0.0,0.0,0.0,15.997855371623883,29125,0,0,0,35,SALT LAKE
1141,351141,678.0,1344.316462753708,1.9827676441795103,782.0,53.0,195.0,534.0,830.9934320755981,44.0,9.0,37.0,158.0,68.0,109.0,23.0,334.0,0.0,0.0,0.0,48.99343207559815,18118,0,0,0,35,SALT LAKE
1142,351142,427.0,802.8679731409753,1.8802528644987715,241.0,41.0,37.0,163.0,271.99584478252126,6.0,35.0,16.0,21.0,35.0,4.0,7.0,117.0,0.0,0.0,0.0,30.99584478252128,17918,0,0,0,35,SALT LAKE
1143,351143,69.0,126.7219869306396,1.836550535226661,2352.0,132.0,835.0,1385.0,2356.9993298036325,36.0,96.0,756.0,79.0,957.0,214.0,7.0,207.0,0.0,0.0,0.0,4.999329803632464,17918,0,0,360,35,SALT LAKE
1144,351144,425.0,941.9963084424468,2.216461902217522,322.0,99.0,44.0,179.0,352.99584478252126,89.0,10.0,40.0,4.0,54.0,2.0,3.0,120.0,0.0,0.0,0.0,30.99584478252128,29125,0,0,0,35,SALT LAKE
1145,351145,926.0,1582.6955850218344,1.709174497863752,6882.0,115.0,13.0,6754.0,6948.991019368675,96.0,19.0,0.0,13.0,55.0,6557.0,5.0,137.0,0.0,0.0,0.0,66.99101936867501,20488,0,0,0,35,SALT LAKE
1146,351146,668.0,1095.303327596297,1.6396756401142176,1361.0,24.0,3.0,1334.0,1412.993265439291,11.0,13.0,2.0,1.0,36.0,165.0,301.0,832.0,0.0,0.0,3.9996993244195553,47.993566114871655,36401,0,0,0,35,SALT LAKE
1147,351147,620.0,1035.9300889644594,1.670854982200741,502.0,173.0,3.0,326.0,546.9939682326922,74.0,99.0,3.0,0.0,68.0,30.0,12.0,216.0,0.0,0.0,0.0,44.993968232692175,52085,0,0,0,35,SALT LAKE
1148,351148,790.0,1553.452049576302,1.9663949994636731,359.0,62.0,9.0,288.0,415.9923597614101,12.0,50.0,8.0,1.0,99.0,8.0,103.0,78.0,0.0,0.0,0.0,56.99235976141009,38798,0,0,0,35,SALT LAKE
1149,351149,469.0,839.2008505126971,1.789340832649674,215.0,2.0,2.0,211.0,248.99544266470076,0.0,2.0,2.0,0.0,46.0,15.0,11.0,139.0,0.0,0.0,0.0,33.995442664700754,34384,0,0,0,35,SALT LAKE
1150,351150,249.0,451.0593800538151,1.8114834540313856,704.0,25.0,0.0,679.0,721.9975872930769,0.0,25.0,0.0,0.0,5.0,628.0,2.0,44.0,0.0,0.0,0.0,17.99758729307687,45100,0,0,0,35,SALT LAKE
1151,351151,474.0,931.3622955531624,1.9648993577070932,531.0,168.0,5.0,358.0,564.9954426647007,64.0,104.0,5.0,0.0,74.0,44.0,11.0,229.0,0.0,0.0,0.0,33.995442664700754,34384,0,0,0,35,SALT LAKE
1152,351152,807.0,1580.9232495402869,1.959012700793416,208.0,41.0,8.0,159.0,265.9922257221366,17.0,24.0,0.0,8.0,40.0,9.0,18.0,92.0,0.0,0.0,0.0,57.99222572213658,45100,0,0,0,35,SALT LAKE
1153,351153,539.0,1130.7500372272457,2.0978664883622367,414.0,146.0,6.0,262.0,452.9947724683332,20.0,126.0,0.0,6.0,25.0,4.0,167.0,66.0,0.0,0.0,0.0,38.99477246833322,77521,0,0,0,35,SALT LAKE
1154,351154,508.0,1090.872488892429,2.1473867891583245,40.0,4.0,0.0,36.0,76.99504054688023,4.0,0.0,0.0,0.0,5.0,18.0,2.0,11.0,0.0,0.0,0.0,36.99504054688023,74301,26,0,0,35,SALT LAKE
1155,351155,517.0,1272.536875751038,2.4613866068685453,3.0,0.0,0.0,3.0,39.99504054688023,0.0,0.0,0.0,0.0,3.0,0.0,0.0,0.0,0.0,0.0,0.0,36.99504054688023,79501,0,0,0,35,SALT LAKE
1156,351156,507.0,1251.2688499724693,2.467985897381596,62.0,2.0,2.0,58.0,98.99504054688023,2.0,0.0,1.0,1.0,18.0,9.0,10.0,21.0,0.0,0.0,0.0,36.99504054688023,74514,0,0,0,35,SALT LAKE
1157,351157,562.0,1360.2674820876348,2.4204047723979265,238.0,106.0,0.0,132.0,330.9906544776188,73.0,33.0,0.0,0.0,23.0,44.0,4.0,61.0,0.0,0.0,52.996016048559106,39.99463842905971,61651,621,0,0,35,SALT LAKE
1158,351158,495.0,1059.8566179653492,2.141124480738079,528.0,34.0,17.0,477.0,563.9951745861538,2.0,32.0,0.0,17.0,17.0,224.0,5.0,231.0,0.0,0.0,0.0,35.99517458615374,73835,627,591,0,35,SALT LAKE
1159,351159,774.0,1652.702836542957,2.1352749826136392,685.0,27.0,1.0,657.0,740.9924938006836,4.0,23.0,1.0,0.0,177.0,58.0,23.0,399.0,0.0,0.0,0.0,55.9924938006836,43511,0,0,0,35,SALT LAKE
1160,351160,141.0,302.18319960383286,2.1431432596016515,728.0,158.0,0.0,570.0,737.9986596072649,127.0,31.0,0.0,0.0,58.0,111.0,96.0,305.0,0.0,0.0,0.0,9.998659607264928,43511,0,0,0,35,SALT LAKE
1161,351161,330.0,736.4053925829476,2.231531492675599,0.0,0.0,0.0,0.0,28.833609404741217,0.0,0.0,0.0,0.0,0.0,0.0,0.0,0.0,0.0,4.836826347305389,0.0,23.996783057435827,84120,0,0,0,35,SALT LAKE
1162,351162,444.0,966.8090051841104,2.177497759423672,284.0,37.0,0.0,247.0,315.99571074324774,1.0,36.0,0.0,0.0,76.0,8.0,142.0,21.0,0.0,0.0,0.0,31.99571074324777,84120,0,0,0,35,SALT LAKE
1163,351163,193.0,477.64441227702616,2.474841514388737,596.0,94.0,1.0,501.0,623.9970710856393,46.0,48.0,1.0,0.0,96.0,17.0,33.0,355.0,0.0,0.0,13.998947635468443,13.9981234501709,29125,0,0,0,35,SALT LAKE
1164,351164,22.0,58.48707089106443,2.6585032223211105,82.0,2.0,79.0,1.0,83.99973192145299,2.0,0.0,57.0,22.0,0.0,0.0,0.0,1.0,0.0,0.0,0.0,1.9997319214529856,29125,0,0,0,35,SALT LAKE
1165,351165,121.0,302.18319960383286,2.4973818149077096,54.0,13.0,5.0,36.0,62.99879364653843,12.0,1.0,2.0,3.0,5.0,0.0,20.0,11.0,0.0,0.0,0.0,8.998793646538434,29125,0,0,0,35,SALT LAKE
1166,351166,34.0,71.77958700266997,2.1111643236079405,1469.0,739.0,101.0,629.0,1470.999731921453,708.0,31.0,101.0,0.0,66.0,377.0,11.0,175.0,0.0,0.0,0.0,1.9997319214529856,29125,0,0,0,35,SALT LAKE
1167,351167,136.0,295.09385767764326,2.1698077770414947,157.0,52.0,29.0,76.0,166.99865960726493,52.0,0.0,10.0,19.0,8.0,2.0,29.0,37.0,0.0,0.0,0.0,9.998659607264928,29125,0,0,0,35,SALT LAKE
1168,351168,300.0,662.8534700987301,2.209511566995767,1010.0,458.0,48.0,504.0,1031.997051135983,458.0,0.0,38.0,10.0,47.0,41.0,3.0,413.0,0.0,0.0,0.0,21.997051135982844,29125,0,0,0,35,SALT LAKE
1169,351169,237.0,535.2453154273169,2.258419052435936,402.0,92.0,2.0,308.0,418.99772133235035,38.0,54.0,0.0,2.0,17.0,25.0,128.0,138.0,0.0,0.0,0.0,16.997721332350377,34363,0,0,0,35,SALT LAKE
1170,351170,82.0,140.01450304224514,1.707493939539575,202.0,1.0,87.0,114.0,207.99919576435894,0.0,1.0,0.0,87.0,1.0,37.0,24.0,52.0,0.0,0.0,0.0,5.999195764358957,51421,131,36,0,35,SALT LAKE
1171,351171,569.0,1173.2860887843833,2.062014215789777,307.0,195.0,34.0,78.0,347.9945043897862,194.0,1.0,0.0,34.0,3.0,7.0,12.0,56.0,0.0,0.0,0.0,40.99450438978621,34363,0,0,0,35,SALT LAKE
1172,351172,756.0,1596.8742688742136,2.112267551420917,0.0,0.0,0.0,0.0,53.99276187923061,0.0,0.0,0.0,0.0,0.0,0.0,0.0,0.0,0.0,0.0,0.0,53.99276187923061,51421,0,0,0,35,SALT LAKE
1173,351173,308.0,612.3419088746291,1.988123080761783,472.0,202.0,33.0,237.0,493.9970511359828,123.0,79.0,3.0,30.0,16.0,10.0,59.0,152.0,0.0,0.0,0.0,21.997051135982844,56284,0,0,0,35,SALT LAKE
1174,351174,290.0,581.3260379475495,2.0045725446467224,30.0,1.0,26.0,3.0,50.99718517525635,1.0,0.0,0.0,26.0,1.0,0.0,1.0,1.0,0.0,0.0,0.0,20.997185175256348,56284,0,0,0,35,SALT LAKE
1175,351175,597.0,1314.186759567402,2.201317855221779,71.0,45.0,2.0,24.0,113.99423631123919,8.0,37.0,2.0,0.0,7.0,0.0,3.0,14.0,0.0,0.0,0.0,42.99423631123919,50579,0,0,0,35,SALT LAKE
1176,351176,1375.0,2719.648796434496,1.977926397406906,643.0,373.0,2.0,268.0,741.9867301119227,219.0,154.0,2.0,0.0,130.0,8.0,19.0,111.0,0.0,0.0,0.0,98.98673011192278,50579,0,0,0,35,SALT LAKE
1177,351177,536.0,1214.9359726007474,2.2666715906730364,1914.0,450.0,32.0,1432.0,1967.5052515102493,324.0,126.0,2.0,30.0,503.0,37.0,15.0,877.0,0.0,14.510479041916168,0.0,38.99477246833322,50579,0,0,0,35,SALT LAKE
1178,351178,198.0,398.7754833481665,2.0140175926675075,5.0,0.0,0.0,5.0,18.9981234501709,0.0,0.0,0.0,0.0,0.0,0.0,0.0,5.0,0.0,0.0,0.0,13.9981234501709,50579,0,0,0,35,SALT LAKE
1179,351179,272.0,616.7727475784976,2.2675468660974176,70.0,12.0,4.0,54.0,89.99731921452985,11.0,1.0,3.0,1.0,9.0,1.0,8.0,36.0,0.0,0.0,0.0,19.997319214529856,50579,0,0,0,35,SALT LAKE
1180,351180,877.0,1961.0892103322055,2.2361336491815345,243.0,106.0,0.0,137.0,305.99155552576906,57.0,49.0,0.0,0.0,53.0,0.0,36.0,48.0,0.0,0.0,0.0,62.99155552576904,50579,0,0,0,35,SALT LAKE
1181,351181,0.0,0.0,0.0,23.0,6.0,0.0,17.0,23.0,0.0,6.0,0.0,0.0,0.0,17.0,0.0,0.0,0.0,0.0,0.0,0.0,72990,0,0,1952,35,SALT LAKE
1182,351182,553.0,1157.3350694504566,2.092830143671712,22.0,0.0,0.0,22.0,61.99463842905971,0.0,0.0,0.0,0.0,6.0,6.0,3.0,7.0,0.0,0.0,0.0,39.99463842905971,72990,0,0,0,35,SALT LAKE
1183,351183,657.0,1555.2243850578495,2.367160403436605,198.0,43.0,0.0,155.0,244.99370015414516,26.0,17.0,0.0,0.0,31.0,6.0,10.0,108.0,0.0,0.0,0.0,46.99370015414516,110515,0,0,0,35,SALT LAKE
1184,351184,0.0,0.0,0.0,530.0,12.0,196.0,322.0,594.9951140218178,12.0,0.0,108.0,88.0,84.0,45.0,0.0,193.0,0.0,0.0,64.99511402181777,0.0,29125,0,0,0,35,SALT LAKE
1185,351185,160.0,351.80859308716026,2.1988037067947515,372.0,16.0,274.0,82.0,383.9983915287179,16.0,0.0,225.0,49.0,6.0,31.0,0.0,45.0,0.0,0.0,0.0,11.998391528717914,29125,0,0,0,35,SALT LAKE
1186,351186,89.0,175.46121267319327,1.9714742996988008,710.0,62.0,111.0,537.0,715.999195764359,62.0,0.0,42.0,69.0,21.0,42.0,0.0,474.0,0.0,0.0,0.0,5.999195764358957,29125,0,0,0,35,SALT LAKE
1187,351187,206.0,405.8648252743562,1.9702175984192047,366.0,16.0,29.0,321.0,380.9979894108974,16.0,0.0,18.0,11.0,87.0,69.0,0.0,165.0,0.0,0.0,0.0,14.997989410897391,29125,0,0,0,35,SALT LAKE
1188,351188,1.0,1.0,1.0,2280.0,13.0,71.0,2196.0,2280.0,13.0,0.0,49.0,22.0,116.0,506.0,1.0,1573.0,0.0,0.0,0.0,0.0,29125,727,0,129,35,SALT LAKE
1189,351189,0.0,0.0,0.0,721.0,31.0,375.0,315.0,721.0,24.0,7.0,153.0,222.0,75.0,79.0,0.0,161.0,0.0,0.0,0.0,0.0,29125,0,0,0,35,SALT LAKE
1190,351190,13.0,36.33287737172184,2.79483672090168,519.0,76.0,298.0,145.0,519.9998659607265,76.0,0.0,159.0,139.0,24.0,45.0,0.0,76.0,0.0,0.0,0.0,0.9998659607264928,29125,0,0,0,35,SALT LAKE
1191,351191,304.0,622.9759217639134,2.049262900539189,559.0,59.0,254.0,246.0,595.9959236025561,59.0,0.0,94.0,160.0,68.0,21.0,2.0,155.0,0.0,0.0,14.998872466573333,21.997051135982844,29125,0,0,0,35,SALT LAKE
1192,351192,368.0,746.1532377314583,2.027590319922441,1638.0,112.0,324.0,1202.0,1670.9959299262448,92.0,20.0,270.0,54.0,327.0,253.0,52.0,570.0,0.0,0.0,5.999548986629333,26.996380939615307,29125,0,0,0,35,SALT LAKE
1193,351193,296.0,673.4874829880146,2.2752955506351844,1256.0,218.0,195.0,843.0,1276.9971851752564,164.0,54.0,8.0,187.0,155.0,32.0,129.0,527.0,0.0,0.0,0.0,20.997185175256348,55473,0,0,0,35,SALT LAKE
1194,351194,426.0,908.321934293046,2.1322111133639576,239.0,1.0,14.0,224.0,269.99584478252126,0.0,1.0,0.0,14.0,3.0,5.0,73.0,143.0,0.0,0.0,0.0,30.99584478252128,19169,0,0,0,35,SALT LAKE
1195,351195,785.0,1724.482423545627,2.196792896236468,377.0,124.0,18.0,235.0,433.9923597614101,106.0,18.0,14.0,4.0,39.0,6.0,37.0,153.0,0.0,0.0,0.0,56.99235976141009,20291,0,0,0,35,SALT LAKE
1196,351196,714.0,1545.4765399093387,2.1645329690606987,54.0,7.0,1.0,46.0,104.99316399705114,7.0,0.0,0.0,1.0,1.0,2.0,0.0,43.0,0.0,0.0,0.0,50.993163997051134,33292,0,0,0,35,SALT LAKE
1197,351197,357.0,727.5437151752105,2.037937577521598,41.0,29.0,0.0,12.0,66.99651497888881,27.0,2.0,0.0,0.0,8.0,0.0,1.0,3.0,0.0,0.0,0.0,25.99651497888881,51300,0,0,0,35,SALT LAKE
1198,351198,0.0,0.0,0.0,0.0,0.0,0.0,0.0,0.0,0.0,0.0,0.0,0.0,0.0,0.0,0.0,0.0,0.0,0.0,0.0,0.0,51300,0,0,0,35,SALT LAKE
1199,351199,16.0,35.446709630948135,2.2154193519342584,1076.0,220.0,138.0,718.0,1086.9991142717754,220.0,0.0,52.0,86.0,21.0,361.0,0.0,336.0,0.0,0.0,9.999248311048888,0.9998659607264928,38541,0,0,0,35,SALT LAKE
1200,351200,105.0,192.29839974789363,1.8314133309323208,676.0,46.0,313.0,317.0,683.998927685812,42.0,4.0,126.0,187.0,5.0,33.0,0.0,279.0,0.0,0.0,0.0,7.9989276858119425,38541,0,0,0,35,SALT LAKE
1201,351201,138.0,312.8172124931173,2.2667913948776617,597.0,33.0,115.0,449.0,693.9921199133903,27.0,6.0,27.0,88.0,59.0,21.0,3.0,366.0,0.0,0.0,86.99346030612533,9.998659607264928,38541,0,0,0,35,SALT LAKE
1202,351202,564.0,1159.993572672778,2.0567261926822304,1655.0,255.0,212.0,1188.0,1695.9945043897862,197.0,58.0,75.0,137.0,401.0,46.0,26.0,715.0,0.0,0.0,0.0,40.99450438978621,38541,0,0,0,35,SALT LAKE
1203,351203,74.0,170.14420622855107,2.299246030115555,986.0,242.0,448.0,296.0,1000.9985781146813,197.0,45.0,288.0,160.0,3.0,24.0,1.0,268.0,0.0,0.0,9.999248311048888,4.999329803632464,38541,0,0,0,35,SALT LAKE
1204,351204,139.0,266.7364899728847,1.9189675537617603,513.0,117.0,136.0,260.0,522.9986596072649,110.0,7.0,118.0,18.0,21.0,36.0,5.0,198.0,0.0,0.0,0.0,9.998659607264928,38541,0,0,0,35,SALT LAKE
1205,351205,166.0,364.2149414579921,2.1940659123975426,1817.0,555.0,296.0,966.0,1828.998391528718,315.0,240.0,271.0,25.0,28.0,80.0,274.0,584.0,0.0,0.0,0.0,11.998391528717914,38541,0,0,0,35,SALT LAKE
1206,351206,377.0,902.11876010763,2.392887957845173,570.0,57.0,424.0,89.0,596.9963809396153,57.0,0.0,188.0,236.0,5.0,29.0,8.0,47.0,0.0,0.0,0.0,26.996380939615307,38541,0,0,0,35,SALT LAKE
1207,351207,638.0,1329.251611160555,2.083466475173284,159.0,6.0,72.0,81.0,204.99383419341868,6.0,0.0,57.0,15.0,28.0,23.0,4.0,26.0,0.0,0.0,0.0,45.99383419341867,38541,0,0,0,35,SALT LAKE
1208,351208,350.0,758.5595861022902,2.1673131031494006,2488.0,250.0,900.0,1338.0,2546.9940932757286,173.0,77.0,684.0,216.0,38.0,556.0,155.0,589.0,0.0,0.0,33.99744425756622,24.99664901816232,38541,0,0,0,35,SALT LAKE
1209,351209,0.0,0.0,0.0,479.0,1.0,285.0,193.0,479.0,0.0,1.0,92.0,193.0,111.0,20.0,0.0,62.0,0.0,0.0,0.0,0.0,20421,0,0,0,35,SALT LAKE
1210,351210,630.0,1420.5268884602465,2.254804584857534,103.0,27.0,25.0,51.0,147.99396823269217,27.0,0.0,13.0,12.0,0.0,3.0,1.0,47.0,0.0,0.0,0.0,44.993968232692175,20421,0,0,0,35,SALT LAKE
1211,351211,1552.0,3141.4646410427786,2.02413958830076,759.0,81.0,122.0,556.0,870.9849876013672,73.0,8.0,76.0,46.0,19.0,19.0,4.0,514.0,0.0,0.0,0.0,111.9849876013672,20421,0,0,0,35,SALT LAKE
1212,351212,690.0,1591.5572624295714,2.306604728158799,365.0,141.0,17.0,207.0,414.99329803632463,86.0,55.0,17.0,0.0,41.0,75.0,3.0,88.0,0.0,0.0,0.0,49.99329803632464,26984,0,802,0,35,SALT LAKE
1213,351213,430.0,939.3378052201256,2.184506523767734,418.0,51.0,34.0,333.0,448.99584478252126,49.0,2.0,26.0,8.0,4.0,17.0,0.0,312.0,0.0,0.0,0.0,30.99584478252128,31546,0,0,0,35,SALT LAKE
1214,351214,235.0,524.6113025380324,2.232388521438436,6.0,1.0,0.0,5.0,22.997721332350377,0.0,1.0,0.0,0.0,1.0,1.0,1.0,2.0,0.0,0.0,0.0,16.997721332350377,46180,0,0,0,35,SALT LAKE
1215,351215,374.0,836.542347290376,2.2367442440919145,48.0,2.0,0.0,46.0,74.9963809396153,1.0,1.0,0.0,0.0,1.0,2.0,4.0,39.0,0.0,0.0,0.0,26.996380939615307,46180,0,0,0,35,SALT LAKE
1216,351216,1445.0,3440.98933742429,2.3813074999476056,1346.0,458.0,60.0,828.0,1459.985308226604,362.0,96.0,50.0,10.0,22.0,32.0,77.0,697.0,0.0,0.0,9.999248311048888,103.98605991555524,28566,0,0,0,35,SALT LAKE
1217,351217,1217.0,2991.7022928520228,2.458259895523437,1117.0,59.0,338.0,720.0,1252.984596436966,49.0,10.0,66.0,272.0,51.0,199.0,66.0,404.0,0.0,0.0,47.99639189303466,87.98820454393137,35592,649,56,56,35,SALT LAKE
1218,351218,597.0,1355.8366433837662,2.2710831547466768,901.0,20.0,20.0,861.0,960.9929584400223,5.0,15.0,6.0,14.0,282.0,83.0,353.0,143.0,0.0,0.0,16.99872212878311,42.99423631123919,52923,263,113,113,35,SALT LAKE
1219,351219,338.0,806.4126441040701,2.3858362251599705,563.0,59.0,60.0,444.0,586.9967830574358,56.0,3.0,32.0,28.0,37.0,50.0,5.0,352.0,0.0,0.0,0.0,23.996783057435827,38355,0,0,0,35,SALT LAKE
1220,351220,970.0,2206.5576745265216,2.2748017263160016,295.0,20.0,76.0,199.0,364.9906172508545,20.0,0.0,1.0,75.0,19.0,18.0,90.0,72.0,0.0,0.0,0.0,69.9906172508545,38355,0,0,0,35,SALT LAKE
1221,351221,646.0,1439.1364110164943,2.2277653421307964,237.0,13.0,57.0,167.0,283.99370015414513,8.0,5.0,22.0,35.0,3.0,17.0,0.0,147.0,0.0,0.0,0.0,46.99370015414516,33265,0,0,0,35,SALT LAKE
1222,351222,582.0,1317.731430530497,2.264143351426971,174.0,1.0,7.0,166.0,215.9943703505127,1.0,0.0,0.0,7.0,28.0,20.0,25.0,93.0,0.0,0.0,0.0,41.994370350512696,33265,0,0,0,35,SALT LAKE
1223,351223,1148.0,2436.9612871276845,2.122788577637356,1888.0,268.0,83.0,1537.0,1974.2134256385025,265.0,3.0,72.0,11.0,304.0,112.0,520.0,601.0,0.0,3.2245508982035926,0.0,82.9888747402989,41722,608,0,0,35,SALT LAKE
1224,351224,758.0,1537.5010302423757,2.0283654752537936,659.0,0.0,1.0,658.0,714.9970303556804,0.0,0.0,1.0,0.0,244.0,89.0,141.0,184.0,1.0044025157232706,0.0,0.0,54.9926278399571,34015,0,0,0,35,SALT LAKE
1225,351225,1.0,1.0,1.0,515.0,50.0,65.0,400.0,515.0,50.0,0.0,14.0,51.0,3.0,11.0,4.0,382.0,0.0,0.0,0.0,0.0,36844,0,0,0,35,SALT LAKE
1226,351226,770.0,1728.0270945087216,2.2441910318295086,264.0,21.0,86.0,157.0,318.9926278399571,19.0,2.0,11.0,75.0,47.0,0.0,0.0,110.0,0.0,0.0,0.0,54.9926278399571,36844,0,0,0,35,SALT LAKE
1227,351227,993.0,2195.9236616372373,2.2114034860395138,545.0,168.0,12.0,365.0,665.986665896447,151.0,17.0,12.0,0.0,28.0,4.0,2.0,331.0,0.0,0.0,48.996316724139554,71.99034917230748,36844,0,0,0,35,SALT LAKE
1228,351228,1336.0,3251.349440898718,2.433644791091855,289.0,90.0,65.0,134.0,384.98713222974334,89.0,1.0,20.0,45.0,18.0,6.0,5.0,105.0,0.0,0.0,0.0,95.98713222974332,36844,0,0,0,35,SALT LAKE
1229,351229,1063.0,2506.9685386488068,2.358389970506874,1030.0,264.0,24.0,742.0,1176.9844171532823,247.0,17.0,21.0,3.0,285.0,5.0,4.0,448.0,0.0,0.0,69.99473817734221,76.98967897593995,36844,0,0,0,35,SALT LAKE
1230,351230,636.0,1516.2330044638063,2.38401415796196,191.0,1.0,10.0,180.0,923.9421931624773,0.0,1.0,4.0,6.0,44.0,0.0,59.0,77.0,0.0,0.0,686.9483589690586,45.99383419341867,36844,0,0,0,35,SALT LAKE
1231,351231,950.0,2345.686009827993,2.469143168239993,355.0,33.0,5.0,317.0,1503.9096277537863,30.0,3.0,2.0,3.0,32.0,30.0,18.0,237.0,0.0,0.0,1080.9187424243848,67.99088532940151,36844,0,0,0,35,SALT LAKE
1232,351232,832.0,2007.1699328524385,2.412463861601488,243.0,12.0,15.0,216.0,369.09525105676323,8.0,4.0,8.0,7.0,56.0,0.0,29.0,131.0,0.0,66.10329341317365,0.0,59.99195764358957,36844,0,0,0,35,SALT LAKE
1233,351233,604.0,1565.858397947134,2.5924807913032017,1644.0,15.0,47.0,1582.0,1752.9892751641617,10.0,5.0,30.0,17.0,640.0,57.0,196.0,689.0,0.0,0.0,65.99503885292266,42.99423631123919,36844,0,0,0,35,SALT LAKE
1234,351234,857.0,2096.672874670582,2.446526108133701,4518.0,2.0,0.0,4516.0,13491.321784371812,0.0,2.0,0.0,0.0,0.0,39.0,4477.0,0.0,0.0,0.0,8911.33009480677,61.99168956504256,36844,0,0,0,35,SALT LAKE
1235,351235,821.0,1814.8715331045448,2.2105621596888483,599.0,159.0,8.0,432.0,657.992091682863,83.0,76.0,5.0,3.0,23.0,4.0,26.0,379.0,0.0,0.0,0.0,58.99209168286308,34105,0,0,0,35,SALT LAKE
1236,351236,522.0,1116.5713533748662,2.1390255811779046,697.0,197.0,0.0,500.0,734.9949065076067,193.0,4.0,0.0,0.0,73.0,17.0,19.0,391.0,0.0,0.0,0.0,37.99490650760673,43469,0,0,0,35,SALT LAKE
1237,351237,266.0,530.8144767234484,1.9955431455768733,888.0,34.0,0.0,854.0,906.9974532538033,1.0,33.0,0.0,0.0,263.0,138.0,196.0,257.0,0.0,0.0,0.0,18.997453253803364,43469,1030,441,441,35,SALT LAKE
1238,351238,941.0,2080.721855336656,2.211181567839166,1414.0,84.0,112.0,1218.0,1481.9908853294014,53.0,31.0,8.0,104.0,76.0,330.0,63.0,749.0,0.0,0.0,0.0,67.99088532940151,48500,0,0,0,35,SALT LAKE
1239,351239,1322.0,2780.794370547881,2.103475318114888,631.0,35.0,1.0,595.0,725.9872662690168,3.0,32.0,0.0,1.0,54.0,18.0,87.0,436.0,0.0,0.0,0.0,94.9872662690168,49082,625,0,0,35,SALT LAKE
1240,351240,868.0,1842.3427330685292,2.122514669433789,673.0,1.0,3.0,669.0,777.9883984321744,0.0,1.0,0.0,3.0,75.0,26.0,205.0,363.0,0.0,0.0,41.996842906405334,62.99155552576904,56623,0,0,0,35,SALT LAKE
1241,351241,534.0,1143.1563855980771,2.140742295127485,1439.0,37.0,11.0,1391.0,1654.9815264442768,19.0,18.0,1.0,10.0,120.0,46.0,190.0,1035.0,0.0,0.0,177.98661993667022,37.99490650760673,67179,459,0,0,35,SALT LAKE
1242,351242,541.0,1081.124643743918,1.998381966254932,593.0,8.0,0.0,585.0,631.9947724683332,6.0,2.0,0.0,0.0,1.0,107.0,3.0,474.0,0.0,0.0,0.0,38.99477246833322,59374,0,0,0,35,SALT LAKE
1243,351243,5.0,7.0,1.4,1104.0,95.0,161.0,848.0,1129.9980456087271,26.0,69.0,59.0,102.0,102.0,181.0,4.0,561.0,0.0,0.0,25.99804560872711,0.0,38015,0,0,0,35,SALT LAKE
1244,351244,674.0,1680.1740365069418,2.492839816775878,1251.0,665.0,124.0,462.0,1384.9870427195137,619.0,46.0,39.0,85.0,77.0,126.0,151.0,108.0,0.0,0.0,84.99361064391555,48.99343207559815,38015,0,0,1477,35,SALT LAKE
1245,351245,12.0,23.926529000889992,1.9938774167408329,891.0,74.0,415.0,402.0,891.9998659607265,73.0,1.0,287.0,128.0,11.0,55.0,38.0,298.0,0.0,0.0,0.0,0.9998659607264928,38984,0,0,0,35,SALT LAKE
1246,351246,631.0,1531.2978560569595,2.426779486619587,1522.0,657.0,17.0,848.0,1624.9896084367758,557.0,100.0,12.0,5.0,45.0,67.0,72.0,664.0,0.0,0.0,57.99564020408355,44.993968232692175,38984,402,0,0,35,SALT LAKE
1247,351247,257.0,608.7972379115342,2.3688608479048026,341.0,148.0,0.0,193.0,359.99745325380337,54.0,94.0,0.0,0.0,16.0,51.0,10.0,116.0,0.0,0.0,0.0,18.997453253803364,40679,0,780,0,35,SALT LAKE
1248,351248,269.0,608.7972379115342,2.2631867580354434,1268.0,93.0,7.0,1168.0,1286.9974532538033,66.0,27.0,7.0,0.0,197.0,124.0,57.0,790.0,0.0,0.0,0.0,18.997453253803364,40679,0,0,0,35,SALT LAKE
1249,351249,467.0,979.2153535549422,2.096820885556621,82.0,10.0,2.0,70.0,115.99544266470076,6.0,4.0,0.0,2.0,14.0,6.0,10.0,40.0,0.0,0.0,0.0,33.995442664700754,38452,0,0,0,35,SALT LAKE
1250,351250,1181.0,2419.2379323122104,2.04846564971398,759.0,156.0,21.0,582.0,845.6008821108537,101.0,55.0,1.0,20.0,60.0,65.0,68.0,389.0,0.0,1.6122754491017963,0.0,84.98860666175189,40826,0,0,0,35,SALT LAKE
1251,351251,275.0,645.130115283256,2.3459276919391128,1546.0,148.0,22.0,1376.0,1571.9968682011593,145.0,3.0,1.0,21.0,84.0,171.0,872.0,249.0,0.0,0.0,5.999548986629333,19.997319214529856,72363,61,6,0,35,SALT LAKE
1252,351252,394.0,927.8176245900676,2.354867067487481,217.0,7.0,22.0,188.0,244.9962469003418,7.0,0.0,0.0,22.0,10.0,42.0,81.0,55.0,0.0,0.0,0.0,27.9962469003418,72363,511,0,0,35,SALT LAKE
1253,351253,500.0,1059.8566179653492,2.1197132359306985,1183.0,351.0,6.0,826.0,1218.9951745861538,177.0,174.0,1.0,5.0,119.0,52.0,156.0,499.0,0.0,0.0,0.0,35.99517458615374,49048,0,0,0,35,SALT LAKE
1254,351254,30.0,69.12108378034887,2.304036126011629,4245.0,3055.0,13.0,1177.0,4303.995447294431,2120.0,935.0,9.0,4.0,225.0,164.0,283.0,505.0,0.0,0.0,56.995715372978665,1.9997319214529856,62914,0,0,0,35,SALT LAKE
1255,351255,255.0,603.4802314668921,2.36658914300742,306.0,7.0,10.0,289.0,323.9975872930769,4.0,3.0,1.0,9.0,27.0,33.0,161.0,68.0,0.0,0.0,0.0,17.99758729307687,62914,0,0,0,35,SALT LAKE
1256,351256,823.0,2031.982629594102,2.4689946896647657,1854.0,110.0,32.0,1712.0,1919.9915655005973,10.0,100.0,3.0,29.0,1314.0,67.0,209.0,122.0,0.0,0.0,6.999473817734222,58.99209168286308,43784,422,0,0,35,SALT LAKE
1257,351257,359.0,850.7210311427552,2.3696964655787056,1386.0,233.0,2.0,1151.0,1459.9929068719234,153.0,80.0,0.0,2.0,368.0,44.0,364.0,375.0,0.0,0.0,47.99639189303466,25.99651497888881,68827,0,0,0,35,SALT LAKE
1258,351258,683.0,1454.2012626096473,2.1291380126056327,237.0,7.0,10.0,220.0,285.99343207559815,0.0,7.0,1.0,9.0,17.0,11.0,64.0,128.0,0.0,0.0,0.0,48.99343207559815,56299,0,0,0,35,SALT LAKE
1259,351259,696.0,1444.4534174611365,2.0753641055476097,956.0,70.0,2.0,884.0,3660.4061504066967,22.0,48.0,0.0,2.0,87.0,11.0,357.0,429.0,0.0,1.6122754491017963,2652.80057692127,49.99329803632464,62398,0,0,0,35,SALT LAKE
1260,351260,920.0,1946.0243587390528,2.1152438681946224,1809.0,15.0,552.0,1242.0,2521.9425191328114,8.0,7.0,63.0,489.0,151.0,527.0,72.0,492.0,0.0,0.0,646.9513657248631,65.99115340794853,46438,453,0,1784,35,SALT LAKE
1261,351261,786.0,1567.6307334286814,1.994441136677712,351.0,34.0,0.0,317.0,407.9923597614101,9.0,25.0,0.0,0.0,90.0,4.0,59.0,164.0,0.0,0.0,0.0,56.99235976141009,72016,0,0,0,35,SALT LAKE
1262,351262,569.0,1201.6434564891415,2.1118514173798624,99.0,0.0,0.0,99.0,139.99450438978621,0.0,0.0,0.0,0.0,24.0,0.0,13.0,62.0,0.0,0.0,0.0,40.99450438978621,39330,0,0,0,35,SALT LAKE
1263,351263,575.0,1174.172256525157,2.042038707000273,42.0,3.0,0.0,39.0,82.99450438978621,3.0,0.0,0.0,0.0,2.0,0.0,35.0,2.0,0.0,0.0,0.0,40.99450438978621,51981,0,0,0,35,SALT LAKE
1264,351264,530.0,1109.4820114486768,2.0933622857522205,95.0,25.0,2.0,68.0,144.99400448086539,17.0,8.0,0.0,2.0,17.0,0.0,3.0,48.0,0.0,0.0,11.999097973258666,37.99490650760673,46415,0,0,0,35,SALT LAKE
1265,351265,194.0,409.409496237451,2.110358228028098,33.0,0.0,0.0,33.0,46.9981234501709,0.0,0.0,0.0,0.0,7.0,0.0,0.0,26.0,0.0,0.0,0.0,13.9981234501709,46415,0,0,0,35,SALT LAKE
1266,351266,746.0,1602.1912753188558,2.14770948434163,110.0,37.0,0.0,73.0,163.9927618792306,0.0,37.0,0.0,0.0,22.0,11.0,23.0,17.0,0.0,0.0,0.0,53.99276187923061,63492,0,0,0,35,SALT LAKE
1267,351267,422.0,939.3378052201256,2.2259189697159374,393.0,13.0,3.0,377.0,422.9959788217948,13.0,0.0,0.0,3.0,8.0,58.0,13.0,298.0,0.0,0.0,0.0,29.995978821794782,53131,52,0,0,35,SALT LAKE
1268,351268,175.0,385.48296723656097,2.2027598127803483,218.0,18.0,19.0,181.0,230.9982574894444,2.0,16.0,0.0,19.0,63.0,33.0,9.0,76.0,0.0,0.0,0.0,12.998257489444406,53131,0,0,0,35,SALT LAKE
1269,351269,260.0,464.3518961654206,1.7859688314054638,6.0,5.0,0.0,1.0,24.997453253803364,5.0,0.0,0.0,0.0,0.0,0.0,0.0,1.0,0.0,0.0,0.0,18.997453253803364,43851,0,0,0,35,SALT LAKE
1270,351270,185.0,423.5881800898303,2.2896658383234065,0.0,0.0,0.0,0.0,12.998257489444406,0.0,0.0,0.0,0.0,0.0,0.0,0.0,0.0,0.0,0.0,0.0,12.998257489444406,52174,384,96,0,35,SALT LAKE
1271,351271,462.0,1063.401288928444,2.3017343916200086,16.0,0.0,0.0,16.0,48.995576703974265,0.0,0.0,0.0,0.0,2.0,0.0,3.0,11.0,0.0,0.0,0.0,32.995576703974265,53048,0,0,0,35,SALT LAKE
1272,351272,571.0,1292.0325660480596,2.262754056126199,390.0,81.0,3.0,306.0,443.99352719414975,45.0,36.0,0.0,3.0,49.0,39.0,77.0,141.0,0.0,0.0,12.999022804363555,40.99450438978621,51363,0,0,0,35,SALT LAKE
1273,351273,343.0,621.2035862823661,1.8110891728348864,182.0,57.0,0.0,125.0,206.99664901816232,31.0,26.0,0.0,0.0,10.0,42.0,2.0,71.0,0.0,0.0,0.0,24.99664901816232,40658,477,0,0,35,SALT LAKE
1274,351274,756.0,1478.127791610537,1.9551954915483296,1983.0,614.0,12.0,1357.0,3289.8985752536564,583.0,31.0,11.0,1.0,275.0,80.0,24.0,978.0,0.0,0.0,1252.9058133744256,53.99276187923061,39605,0,0,0,35,SALT LAKE
1275,351275,344.0,760.3319215838376,2.2102672139065045,838.0,122.0,34.0,682.0,862.9966490181623,77.0,45.0,2.0,32.0,163.0,70.0,102.0,347.0,0.0,0.0,0.0,24.99664901816232,39605,0,0,0,35,SALT LAKE
1276,351276,706.0,1637.637984949804,2.31960054525468,184.0,71.0,12.0,101.0,234.99316399705114,40.0,31.0,1.0,11.0,20.0,22.0,9.0,50.0,0.0,0.0,0.0,50.993163997051134,61545,285,52,0,35,SALT LAKE
1277,351277,354.0,849.8348634019816,2.400663455937801,79.0,1.0,3.0,75.0,103.99664901816232,1.0,0.0,0.0,3.0,8.0,52.0,0.0,15.0,0.0,0.0,0.0,24.99664901816232,53393,701,0,0,35,SALT LAKE
1278,351278,426.0,981.8738567772634,2.304868208397332,292.0,178.0,3.0,111.0,322.99584478252126,162.0,16.0,0.0,3.0,17.0,63.0,17.0,14.0,0.0,0.0,0.0,30.99584478252128,84367,132,5,0,35,SALT LAKE
1279,351279,318.0,727.5437151752105,2.28787331816104,0.0,0.0,0.0,0.0,22.996917096709332,0.0,0.0,0.0,0.0,0.0,0.0,0.0,0.0,0.0,0.0,0.0,22.996917096709332,99351,0,0,0,35,SALT LAKE
1280,351280,488.0,1160.8797404135514,2.378851927076949,272.0,60.0,18.0,194.0,306.99530862542724,59.0,1.0,4.0,14.0,14.0,74.0,42.0,64.0,0.0,0.0,0.0,34.99530862542725,66283,42,5,5,35,SALT LAKE
1281,351281,384.0,874.6475601436453,2.2777280212074094,11.0,0.0,0.0,11.0,38.9962469003418,0.0,0.0,0.0,0.0,0.0,8.0,2.0,1.0,0.0,0.0,0.0,27.9962469003418,76120,0,0,0,35,SALT LAKE
1282,351282,289.0,662.8534700987301,2.293610623178997,114.0,2.0,2.0,110.0,134.99718517525633,2.0,0.0,1.0,1.0,4.0,7.0,38.0,61.0,0.0,0.0,0.0,20.997185175256348,45195,0,0,0,35,SALT LAKE
1283,351283,378.0,868.4443859582293,2.297471920524416,395.0,142.0,5.0,248.0,421.9963809396153,136.0,6.0,3.0,2.0,53.0,37.0,8.0,150.0,0.0,0.0,0.0,26.996380939615307,34214,0,0,0,35,SALT LAKE
1284,351284,505.0,1151.1318952650408,2.2794690995347344,197.0,2.0,0.0,195.0,232.99517458615372,1.0,1.0,0.0,0.0,6.0,93.0,2.0,94.0,0.0,0.0,0.0,35.99517458615374,67678,483,0,0,35,SALT LAKE
1285,351285,403.0,958.8334955171472,2.3792394429705883,223.0,24.0,3.0,196.0,289.99325644305407,17.0,7.0,1.0,2.0,9.0,0.0,66.0,121.0,0.0,0.0,37.997143581985775,28.99611286106829,73373,0,0,0,35,SALT LAKE
1286,351286,1064.0,2605.333157874688,2.4486213889799697,900.0,464.0,16.0,420.0,1578.9444273010831,310.0,154.0,8.0,8.0,46.0,58.0,66.0,250.0,0.0,0.0,601.9547483251431,76.98967897593995,68264,530,0,0,35,SALT LAKE
1287,351287,823.0,1996.535919963154,2.425924568606505,98.0,5.0,0.0,93.0,156.99209168286308,5.0,0.0,0.0,0.0,18.0,50.0,5.0,20.0,0.0,0.0,0.0,58.99209168286308,76043,453,0,0,35,SALT LAKE
1288,351288,866.0,2151.615274598552,2.4845441969960183,1138.0,398.0,7.0,733.0,1199.9916895650426,291.0,107.0,3.0,4.0,275.0,117.0,60.0,281.0,0.0,0.0,0.0,61.99168956504256,83226,0,0,0,35,SALT LAKE
1289,351289,1133.0,2932.3290542201844,2.5881103744220515,620.0,17.0,0.0,603.0,701.9890087795724,1.0,16.0,0.0,0.0,110.0,208.0,196.0,89.0,0.0,0.0,0.0,81.98900877957242,118000,574,576,0,35,SALT LAKE
1290,351290,1210.0,2716.104125471401,2.2447141532821497,1286.0,180.0,23.0,1083.0,1372.988338583205,153.0,27.0,16.0,7.0,272.0,134.0,228.0,449.0,0.0,0.0,0.0,86.98833858320488,42412,0,0,0,35,SALT LAKE
1291,351291,793.0,1686.3772106923575,2.126579080318231,734.0,61.0,12.0,661.0,790.9923597614101,24.0,37.0,8.0,4.0,178.0,49.0,56.0,378.0,0.0,0.0,0.0,56.99235976141009,34774,0,0,0,35,SALT LAKE
1292,351292,696.0,1426.7300626456624,2.049899515295492,1418.0,89.0,25.0,1304.0,1467.9932980363246,46.0,43.0,20.0,5.0,105.0,126.0,922.0,151.0,0.0,0.0,0.0,49.99329803632464,64825,591,0,0,35,SALT LAKE
1293,351293,1021.0,2207.443842267295,2.162040981652591,2779.0,362.0,732.0,1685.0,2913.985495791159,280.0,82.0,4.0,728.0,98.0,319.0,518.0,750.0,0.0,0.0,60.99541469739822,73.99008109376047,37972,0,0,0,35,SALT LAKE
1294,351294,486.0,1030.613082519817,2.1206030504522984,495.0,66.0,0.0,429.0,529.9953086254272,18.0,48.0,0.0,0.0,20.0,104.0,47.0,258.0,0.0,0.0,0.0,34.99530862542725,77397,639,0,0,35,SALT LAKE
1295,351295,516.0,1247.7241790093744,2.418070114359253,58.0,1.0,0.0,57.0,94.99504054688023,1.0,0.0,0.0,0.0,5.0,1.0,0.0,51.0,0.0,0.0,0.0,36.99504054688023,53255,0,0,0,35,SALT LAKE
1296,351296,569.0,1409.0067078301884,2.476285954007361,931.0,178.0,30.0,723.0,985.9934520252547,77.0,101.0,9.0,21.0,18.0,215.0,113.0,377.0,0.0,0.0,13.998947635468443,40.99450438978621,42660,0,757,0,35,SALT LAKE
1297,351297,382.0,930.4761278123884,2.4358013817078232,228.0,16.0,2.0,210.0,255.9962469003418,16.0,0.0,2.0,0.0,6.0,2.0,27.0,175.0,0.0,0.0,0.0,27.9962469003418,82138,0,0,0,35,SALT LAKE
1298,351298,437.0,1051.881108298386,2.407050591071821,20.0,8.0,0.0,12.0,50.99584478252128,0.0,8.0,0.0,0.0,0.0,4.0,8.0,0.0,0.0,0.0,0.0,30.99584478252128,81785,0,0,0,35,SALT LAKE
1299,351299,700.0,1729.7994299902691,2.471142042843242,619.0,45.0,237.0,337.0,668.9932980363246,10.0,35.0,8.0,229.0,12.0,55.0,90.0,180.0,0.0,0.0,0.0,49.99329803632464,57264,71,111,96,35,SALT LAKE
1300,351300,453.0,1123.660695301056,2.480487186095046,42.0,25.0,0.0,17.0,74.99557670397427,25.0,0.0,0.0,0.0,3.0,1.0,6.0,7.0,0.0,0.0,0.0,32.995576703974265,47236,0,0,0,35,SALT LAKE
1301,351301,712.0,1763.4738041396697,2.4767890507579637,1243.0,0.0,53.0,1190.0,1293.9931639970512,0.0,0.0,0.0,53.0,24.0,922.0,8.0,236.0,0.0,0.0,0.0,50.993163997051134,81870,581,887,1448,35,SALT LAKE
1302,351302,826.0,1743.9781138426483,2.111353648719913,4784.0,276.0,72.0,4436.0,4842.992091682863,193.0,83.0,9.0,63.0,824.0,2456.0,118.0,1038.0,0.0,0.0,0.0,58.99209168286308,50577,42,9,0,35,SALT LAKE
1303,351303,788.0,1704.986733248605,2.163688747777418,442.0,69.0,36.0,337.0,517.01339514439,31.0,38.0,0.0,36.0,35.0,50.0,93.0,159.0,5.022012578616353,0.0,12.999022804363555,56.99235976141009,41267,5,0,0,35,SALT LAKE
1304,351304,350.0,723.9990442121157,2.0685686977489017,3261.0,58.0,58.0,3145.0,3285.9966490181623,57.0,1.0,1.0,57.0,35.0,501.0,2267.0,342.0,0.0,0.0,0.0,24.99664901816232,53728,0,0,0,35,SALT LAKE
1305,351305,412.0,693.8693410258098,1.6841488859849754,1180.0,59.0,44.0,1077.0,1422.979967847136,34.0,25.0,0.0,44.0,135.0,47.0,168.0,727.0,0.0,0.0,212.98398902534132,29.995978821794782,60083,16,0,0,35,SALT LAKE
1306,351306,1310.0,2290.743609900024,1.7486592441984912,2249.0,856.0,74.0,1319.0,2342.9874003082905,829.0,27.0,2.0,72.0,165.0,125.0,354.0,675.0,0.0,0.0,0.0,93.98740030829032,38138,0,0,0,35,SALT LAKE
1307,351307,1053.0,2549.5045902059446,2.421181947014192,23.0,0.0,1.0,22.0,107.98913649515745,0.0,0.0,0.0,1.0,2.0,1.0,11.0,8.0,0.0,0.0,8.999323479944,75.98981301521346,56587,0,0,0,35,SALT LAKE
1308,351308,747.0,1820.1885395491868,2.436664711578563,898.0,154.0,74.0,670.0,951.9927618792306,52.0,102.0,20.0,54.0,58.0,49.0,249.0,314.0,0.0,0.0,0.0,53.99276187923061,55385,0,0,0,35,SALT LAKE
1309,351309,785.0,1746.6366170649694,2.2250147988088784,3075.0,740.0,139.0,2196.0,3226.9986517702296,652.0,88.0,9.0,130.0,217.0,252.0,534.0,1193.0,3.013207547169812,0.0,91.99308446164977,56.99235976141009,37321,0,0,0,35,SALT LAKE
1310,351310,475.0,1178.6030952290257,2.4812696741663696,356.0,17.0,3.0,336.0,389.99544266470076,14.0,3.0,0.0,3.0,131.0,38.0,95.0,72.0,0.0,0.0,0.0,33.995442664700754,46137,0,0,0,35,SALT LAKE
1311,351311,388.0,1013.7758954451168,2.6128244727966927,540.0,72.0,228.0,240.0,567.9962469003418,51.0,21.0,207.0,21.0,9.0,67.0,51.0,113.0,0.0,0.0,0.0,27.9962469003418,56900,0,0,0,35,SALT LAKE
1312,351312,515.0,1289.3740628257383,2.5036389569431816,442.0,36.0,8.0,398.0,478.9950405468802,29.0,7.0,1.0,7.0,68.0,84.0,129.0,117.0,0.0,0.0,0.0,36.99504054688023,42651,0,0,0,35,SALT LAKE
1313,351313,528.0,1317.731430530497,2.49570346691382,178.0,11.0,10.0,157.0,215.99490650760674,11.0,0.0,0.0,10.0,10.0,88.0,1.0,58.0,0.0,0.0,0.0,37.99490650760673,61121,712,0,0,35,SALT LAKE
1314,351314,284.0,731.974553879079,2.577375189715067,226.0,9.0,0.0,217.0,247.60959466363164,0.0,9.0,0.0,0.0,0.0,193.0,18.0,6.0,0.0,1.6122754491017963,0.0,19.997319214529856,62242,12,0,1562,35,SALT LAKE
1315,351315,519.0,1388.6248497923932,2.675577745264727,168.0,17.0,17.0,134.0,204.99504054688023,10.0,7.0,7.0,10.0,4.0,19.0,41.0,70.0,0.0,0.0,0.0,36.99504054688023,81098,0,0,0,35,SALT LAKE
1316,351316,216.0,547.6516637981487,2.5354243694358733,13.0,0.0,0.0,13.0,28.997855371623885,0.0,0.0,0.0,0.0,0.0,1.0,0.0,12.0,0.0,0.0,0.0,15.997855371623883,74195,55,0,0,35,SALT LAKE
1317,351317,350.0,943.768643923994,2.69648183978284,0.0,0.0,0.0,0.0,24.99664901816232,0.0,0.0,0.0,0.0,0.0,0.0,0.0,0.0,0.0,0.0,0.0,24.99664901816232,91718,644,0,0,35,SALT LAKE
1318,351318,473.0,1263.675198343301,2.6716177554826657,52.0,2.0,0.0,50.0,85.99544266470076,2.0,0.0,0.0,0.0,0.0,35.0,3.0,12.0,0.0,0.0,0.0,33.995442664700754,78341,708,0,0,35,SALT LAKE
1319,351319,211.0,553.8548379835646,2.624904445419737,0.0,0.0,0.0,0.0,14.997989410897391,0.0,0.0,0.0,0.0,0.0,0.0,0.0,0.0,0.0,0.0,0.0,14.997989410897391,74195,0,0,0,35,SALT LAKE
1320,351320,529.0,1209.6189661561052,2.286614302752562,723.0,100.0,9.0,614.0,921.9828043154938,56.0,44.0,1.0,8.0,95.0,103.0,124.0,292.0,0.0,0.0,160.9878978078871,37.99490650760673,75027,0,0,0,35,SALT LAKE
1321,351321,422.0,966.8090051841104,2.291016599962347,1989.0,292.0,127.0,1570.0,2018.9959788217948,203.0,89.0,88.0,39.0,263.0,343.0,318.0,646.0,0.0,0.0,0.0,29.995978821794782,36863,0,827,0,35,SALT LAKE
1322,351322,635.0,1397.4865272001302,2.2007661845671342,300.0,24.0,5.0,271.0,345.99383419341865,9.0,15.0,2.0,3.0,67.0,39.0,39.0,126.0,0.0,0.0,0.0,45.99383419341867,55618,0,0,0,35,SALT LAKE
1323,351323,694.0,1519.7776754269014,2.189881376695823,799.0,155.0,197.0,447.0,1111.9735286169105,110.0,45.0,17.0,180.0,51.0,77.0,142.0,177.0,0.0,0.0,262.9802305805858,49.99329803632464,55618,0,0,0,35,SALT LAKE
1324,351324,480.0,1205.1881274522366,2.510808598858826,544.0,125.0,38.0,381.0,578.9953086254272,99.0,26.0,33.0,5.0,93.0,88.0,32.0,168.0,0.0,0.0,0.0,34.99530862542725,82006,0,0,0,35,SALT LAKE
1325,351325,649.0,1668.6538558768834,2.571115340334181,326.0,28.0,22.0,276.0,372.99370015414513,12.0,16.0,8.0,14.0,50.0,55.0,10.0,161.0,0.0,0.0,0.0,46.99370015414516,73777,0,0,0,35,SALT LAKE
1326,351326,290.0,791.3477925109172,2.728785491416956,0.0,0.0,0.0,0.0,20.997185175256348,0.0,0.0,0.0,0.0,0.0,0.0,0.0,0.0,0.0,0.0,0.0,20.997185175256348,71799,0,0,0,35,SALT LAKE
1327,351327,361.0,926.04528910852,2.5652224075028256,0.0,0.0,0.0,0.0,25.99651497888881,0.0,0.0,0.0,0.0,0.0,0.0,0.0,0.0,0.0,0.0,0.0,25.99651497888881,101247,0,0,0,35,SALT LAKE
1328,351328,254.0,476.7582445362525,1.8770009627411517,51.0,3.0,8.0,40.0,68.99758729307686,3.0,0.0,0.0,8.0,3.0,0.0,6.0,31.0,0.0,0.0,0.0,17.99758729307687,56623,0,0,0,35,SALT LAKE
1329,351329,549.0,1183.9201016736677,2.1565029174383747,116.0,0.0,2.0,114.0,155.9946384290597,0.0,0.0,1.0,1.0,9.0,46.0,3.0,56.0,0.0,0.0,0.0,39.99463842905971,73611,218,44,0,35,SALT LAKE
1330,351330,1056.0,2118.827068189925,2.0064650266950044,511.0,169.0,14.0,328.0,611.8251359846167,152.0,17.0,2.0,12.0,45.0,20.0,42.0,221.0,0.0,4.836826347305389,19.998496622097775,75.98981301521346,45088,0,0,0,35,SALT LAKE
1331,351331,928.0,1915.8946555527468,2.06454165469046,755.0,14.0,6.0,735.0,821.991019368675,0.0,14.0,0.0,6.0,13.0,300.0,86.0,336.0,0.0,0.0,0.0,66.99101936867501,62766,586,811,0,35,SALT LAKE
1332,351332,585.0,1219.3668113046158,2.084387711631822,164.0,14.0,0.0,150.0,205.9943703505127,14.0,0.0,0.0,0.0,6.0,1.0,126.0,17.0,0.0,0.0,0.0,41.994370350512696,61722,9,2,7,35,SALT LAKE
1333,351333,211.0,527.2698057603535,2.49890903203959,81.0,2.0,1.0,78.0,95.99798941089739,2.0,0.0,0.0,1.0,9.0,3.0,19.0,47.0,0.0,0.0,0.0,14.997989410897391,66710,0,0,0,35,SALT LAKE
1334,351334,550.0,1404.57586912632,2.5537743075024,165.0,10.0,28.0,127.0,204.9946384290597,10.0,0.0,1.0,27.0,16.0,46.0,2.0,63.0,0.0,0.0,0.0,39.99463842905971,94109,511,0,0,35,SALT LAKE
1335,351335,254.0,648.6747862463509,2.553837741127366,988.0,164.0,32.0,792.0,1021.9963845907552,101.0,63.0,24.0,8.0,74.0,118.0,235.0,365.0,0.0,0.0,15.998797297678221,17.99758729307687,66710,493,0,0,35,SALT LAKE
1336,351336,347.0,837.4285150311497,2.413338660032132,48.0,2.0,0.0,46.0,88.99544631584054,2.0,0.0,0.0,0.0,4.0,16.0,11.0,15.0,0.0,0.0,15.998797297678221,24.99664901816232,92708,0,0,0,35,SALT LAKE
1337,351337,358.0,879.0783988475138,2.455526253764005,509.0,141.0,0.0,368.0,534.9965149788889,63.0,78.0,0.0,0.0,30.0,58.0,48.0,232.0,0.0,0.0,0.0,25.99651497888881,92596,0,0,0,35,SALT LAKE
1338,351338,305.0,725.7713796936631,2.379578294077584,254.0,14.0,3.0,237.0,275.9970511359828,2.0,12.0,0.0,3.0,35.0,47.0,10.0,145.0,0.0,0.0,0.0,21.997051135982844,128151,0,0,0,35,SALT LAKE
1339,351339,0.0,0.0,0.0,0.0,0.0,0.0,0.0,0.0,0.0,0.0,0.0,0.0,0.0,0.0,0.0,0.0,0.0,0.0,0.0,0.0,69092,0,0,0,35,SALT LAKE
1340,351340,0.0,0.0,0.0,0.0,0.0,0.0,0.0,0.0,0.0,0.0,0.0,0.0,0.0,0.0,0.0,0.0,0.0,0.0,0.0,0.0,69092,0,0,0,35,SALT LAKE
1341,351341,0.0,0.0,0.0,0.0,0.0,0.0,0.0,1.0044025157232706,0.0,0.0,0.0,0.0,0.0,0.0,0.0,0.0,1.0044025157232706,0.0,0.0,0.0,69092,0,0,0,35,SALT LAKE
1342,351342,0.0,0.0,0.0,495.0,6.0,261.0,228.0,495.0,4.0,2.0,2.0,259.0,12.0,22.0,0.0,194.0,0.0,0.0,0.0,0.0,69092,0,0,0,35,SALT LAKE
1343,351343,0.0,0.0,0.0,546.0,0.0,3.0,543.0,546.0,0.0,0.0,0.0,3.0,120.0,42.0,0.0,381.0,0.0,0.0,0.0,0.0,69092,0,0,0,35,SALT LAKE
1344,351344,0.0,0.0,0.0,0.0,0.0,0.0,0.0,18.07924528301887,0.0,0.0,0.0,0.0,0.0,0.0,0.0,0.0,18.07924528301887,0.0,0.0,0.0,69092,0,0,0,35,SALT LAKE
1345,351345,0.0,0.0,0.0,5987.0,41.0,155.0,5791.0,6030.189308176101,39.0,2.0,113.0,42.0,1011.0,642.0,3.0,4135.0,43.18930817610063,0.0,0.0,0.0,69092,0,0,0,35,SALT LAKE
1346,351346,0.0,0.0,0.0,0.0,0.0,0.0,0.0,0.0,0.0,0.0,0.0,0.0,0.0,0.0,0.0,0.0,0.0,0.0,0.0,0.0,69092,0,0,0,35,SALT LAKE
1347,351347,749.0,2087.8111972628453,2.7874648828609416,921.0,261.0,568.0,92.0,1008.1380448980985,257.0,4.0,561.0,7.0,31.0,27.0,6.0,28.0,33.14528301886793,0.0,0.0,53.99276187923061,69092,0,0,0,35,SALT LAKE
1348,351348,3.0,5.317006444642221,1.772335481547407,20.0,2.0,9.0,9.0,20.0,2.0,0.0,9.0,0.0,5.0,0.0,0.0,4.0,0.0,0.0,0.0,0.0,54494,0,0,0,35,SALT LAKE
1349,351349,0.0,0.0,0.0,39.0,1.0,32.0,6.0,200.22754491017963,1.0,0.0,31.0,1.0,0.0,4.0,0.0,2.0,0.0,161.22754491017963,0.0,0.0,54494,0,0,0,35,SALT LAKE
1350,351350,291.0,807.2988118448438,2.7742227211163017,1037.0,765.0,2.0,270.0,1067.0368078167658,765.0,0.0,2.0,0.0,29.0,16.0,10.0,215.0,9.039622641509435,0.0,0.0,20.997185175256348,70016,0,0,0,35,SALT LAKE
1351,351351,0.0,0.0,0.0,100.0,0.0,1.0,99.0,493.9703834553262,0.0,0.0,1.0,0.0,19.0,0.0,9.0,71.0,0.0,0.0,393.9703834553262,0.0,69092,0,0,0,35,SALT LAKE
1352,351352,0.0,0.0,0.0,0.0,0.0,0.0,0.0,11.048427672955976,0.0,0.0,0.0,0.0,0.0,0.0,0.0,0.0,11.048427672955976,0.0,0.0,0.0,69092,0,0,0,35,SALT LAKE
1353,351353,0.0,0.0,0.0,0.0,0.0,0.0,0.0,22.09685534591195,0.0,0.0,0.0,0.0,0.0,0.0,0.0,0.0,22.09685534591195,0.0,0.0,0.0,69092,0,0,0,35,SALT LAKE
1354,351354,1022.0,2581.406628873798,2.525838188721916,68.0,12.0,1.0,55.0,162.0781314082259,12.0,0.0,0.0,1.0,12.0,1.0,0.0,42.0,20.088050314465413,0.0,0.0,73.99008109376047,69092,0,0,0,35,SALT LAKE
1355,351355,913.0,2724.965802879138,2.984628480700042,20.0,1.0,0.0,19.0,90.00876347084161,1.0,0.0,0.0,0.0,1.0,0.0,0.0,18.0,4.017610062893082,0.0,0.0,65.99115340794853,69092,0,0,0,35,SALT LAKE
1356,351356,983.0,2992.5884605927963,3.0443422793416035,1.0,0.0,1.0,0.0,78.01689830592062,0.0,0.0,0.0,1.0,0.0,0.0,0.0,0.0,6.026415094339623,0.0,0.0,70.990483211581,73930,0,0,0,35,SALT LAKE
1357,351357,1688.0,4399.822832941438,2.6065301143018,924.0,2.0,374.0,548.0,1047.9924522400786,1.0,1.0,9.0,365.0,9.0,426.0,5.0,108.0,2.008805031446541,0.0,0.0,121.98364720863212,65392,839,1574,0,35,SALT LAKE
1358,351358,1192.0,3046.6446927799925,2.555909977164424,268.0,3.0,18.0,247.0,360.01488771681795,3.0,0.0,0.0,18.0,3.0,97.0,2.0,145.0,6.026415094339623,0.0,0.0,85.98847262247838,65392,939,0,0,35,SALT LAKE
1359,351359,0.0,0.0,0.0,0.0,0.0,0.0,0.0,479.40136707716636,0.0,0.0,0.0,0.0,0.0,0.0,0.0,0.0,15.066037735849058,464.3353293413173,0.0,0.0,62821,0,0,0,35,SALT LAKE
1360,351360,509.0,1406.3482046078673,2.7629630738857904,1075.0,426.0,52.0,597.0,1645.0803506951008,286.0,140.0,15.0,37.0,79.0,24.0,11.0,483.0,28.123270440251574,0.0,504.96203970796887,36.99504054688023,69092,0,0,0,35,SALT LAKE
1361,351361,126.0,312.8172124931173,2.482676289627915,5992.0,3849.0,608.0,1535.0,6229.250316215556,22.0,3827.0,175.0,433.0,363.0,178.0,35.0,959.0,60.26415094339623,0.0,167.98737162562134,8.998793646538434,62821,0,0,0,35,SALT LAKE
1362,351362,419.0,1140.4978823757565,2.721951986576984,818.0,413.0,4.0,401.0,1067.0735482107514,391.0,22.0,2.0,2.0,1.0,9.0,3.0,388.0,21.09245283018868,0.0,197.985116558768,29.995978821794782,65392,0,0,0,35,SALT LAKE
1363,351363,514.0,1328.3654434197815,2.5843685669645557,761.0,361.0,37.0,363.0,1013.046044503707,270.0,91.0,12.0,25.0,138.0,10.0,6.0,209.0,15.066037735849058,0.0,199.98496622097775,36.99504054688023,65392,0,0,0,35,SALT LAKE
1364,351364,276.0,728.4298829159842,2.639238706217334,45.0,0.0,1.0,44.0,71.02373430886948,0.0,0.0,0.0,1.0,0.0,0.0,44.0,0.0,6.026415094339623,0.0,0.0,19.997319214529856,65392,0,0,0,35,SALT LAKE
1365,351365,0.0,0.0,0.0,3983.0,37.0,519.0,3427.0,7966.1426676793835,33.0,4.0,0.0,519.0,1695.0,348.0,2.0,1382.0,0.0,1878.3008982035929,2104.841769475791,0.0,62821,0,0,0,35,SALT LAKE
1366,351366,425.0,1182.1477661921203,2.7815241557461654,11534.0,1929.0,1941.0,7664.0,11574.99509309357,498.0,1431.0,1803.0,138.0,560.0,1393.0,290.0,5421.0,0.0,0.0,9.999248311048888,30.99584478252128,62821,0,0,0,35,SALT LAKE
1367,351367,0.0,0.0,0.0,109.0,0.0,20.0,89.0,3193.768103958582,0.0,0.0,1.0,19.0,0.0,6.0,0.0,83.0,0.0,0.0,3084.768103958582,0.0,62821,0,0,0,35,SALT LAKE
1368,351368,15.0,30.12970318630592,2.008646879087061,110.0,61.0,15.0,34.0,130.74370093229277,61.0,0.0,0.0,15.0,10.0,2.0,9.0,13.0,2.008805031446541,17.73502994011976,0.0,0.9998659607264928,62821,0,0,0,35,SALT LAKE
1369,351369,0.0,0.0,0.0,111.0,6.0,41.0,64.0,111.0,6.0,0.0,0.0,41.0,8.0,2.0,1.0,53.0,0.0,0.0,0.0,0.0,62821,0,0,0,35,SALT LAKE
1370,351370,0.0,0.0,0.0,0.0,0.0,0.0,0.0,0.0,0.0,0.0,0.0,0.0,0.0,0.0,0.0,0.0,0.0,0.0,0.0,0.0,62821,0,0,0,35,SALT LAKE
1371,351371,0.0,0.0,0.0,0.0,0.0,0.0,0.0,53.23333333333334,0.0,0.0,0.0,0.0,0.0,0.0,0.0,0.0,53.23333333333334,0.0,0.0,0.0,62821,0,0,0,35,SALT LAKE
1372,351372,0.0,0.0,0.0,0.0,0.0,0.0,0.0,0.0,0.0,0.0,0.0,0.0,0.0,0.0,0.0,0.0,0.0,0.0,0.0,0.0,62821,0,0,0,35,SALT LAKE
1373,351373,431.0,1167.0829145989674,2.707848989788787,2260.0,106.0,1504.0,650.0,2597.344490923943,74.0,32.0,956.0,548.0,245.0,148.0,8.0,249.0,83.36540880503145,0.0,222.9832373363902,30.99584478252128,48032,0,0,0,35,SALT LAKE
1374,351374,0.0,0.0,0.0,1925.0,4.0,922.0,999.0,2744.600041823703,4.0,0.0,835.0,87.0,6.0,354.0,3.0,636.0,11.048427672955976,1.6122754491017963,806.9393387016453,0.0,48032,0,0,0,35,SALT LAKE
1375,351375,2.0,3.0,1.5,1664.0,1.0,295.0,1368.0,1666.0088050314466,0.0,1.0,228.0,67.0,189.0,974.0,2.0,203.0,2.008805031446541,0.0,0.0,0.0,88520,0,0,0,35,SALT LAKE
1376,351376,105.0,241.92379323122103,2.3040361260116287,0.0,0.0,0.0,0.0,12.016537748705025,0.0,0.0,0.0,0.0,0.0,0.0,0.0,0.0,4.017610062893082,0.0,0.0,7.9989276858119425,88520,0,0,0,35,SALT LAKE
1377,351377,25.0,58.48707089106443,2.339482835642577,0.0,0.0,0.0,0.0,12.043757078685692,0.0,0.0,0.0,0.0,0.0,0.0,0.0,0.0,10.044025157232706,0.0,0.0,1.9997319214529856,88520,0,0,0,35,SALT LAKE
1378,351378,1549.0,3492.3870663891653,2.2546075315617595,2475.0,97.0,654.0,1724.0,2596.024610242877,53.0,44.0,566.0,88.0,709.0,111.0,623.0,281.0,9.039622641509435,0.0,0.0,111.9849876013672,88520,0,0,0,35,SALT LAKE
1379,351379,763.0,1807.7821911783549,2.369308245318945,0.0,0.0,0.0,0.0,62.02344545001999,0.0,0.0,0.0,0.0,0.0,0.0,0.0,0.0,7.030817610062893,0.0,0.0,54.9926278399571,88520,0,0,0,35,SALT LAKE
1380,351380,587.0,1571.175404391776,2.676619087549874,0.0,0.0,0.0,0.0,48.02078544485232,0.0,0.0,0.0,0.0,0.0,0.0,0.0,0.0,6.026415094339623,0.0,0.0,41.994370350512696,88520,0,0,0,35,SALT LAKE
1381,351381,337.0,911.8666052561408,2.7058356239054624,0.0,0.0,0.0,0.0,41.07162582473143,0.0,0.0,0.0,0.0,0.0,0.0,0.0,0.0,17.0748427672956,0.0,0.0,23.996783057435827,88520,0,0,0,35,SALT LAKE
1382,351382,519.0,1370.9014949769191,2.6414286993774936,0.0,0.0,0.0,0.0,50.05227325128275,0.0,0.0,0.0,0.0,0.0,0.0,0.0,0.0,13.057232704402518,0.0,0.0,36.99504054688023,88520,0,0,0,35,SALT LAKE
1383,351383,440.0,1083.7831469662392,2.463143515832362,0.0,0.0,0.0,0.0,34.00451577469431,0.0,0.0,0.0,0.0,0.0,0.0,0.0,0.0,2.008805031446541,0.0,0.0,31.99571074324777,88520,0,0,0,35,SALT LAKE
1384,351384,1347.0,3078.5467314478456,2.285483839233738,2882.0,205.0,12.0,2665.0,2978.98699819047,200.0,5.0,5.0,7.0,1404.0,26.0,774.0,461.0,0.0,0.0,0.0,96.9869981904698,88520,0,0,0,35,SALT LAKE
1385,351385,633.0,1794.4896750667494,2.8348968010533167,0.0,0.0,0.0,0.0,45.99383419341867,0.0,0.0,0.0,0.0,0.0,0.0,0.0,0.0,0.0,0.0,0.0,45.99383419341867,88520,0,0,0,35,SALT LAKE
1386,351386,480.0,1359.381314346861,2.832044404889294,58.0,24.0,0.0,34.0,107.99418109200059,19.0,5.0,0.0,0.0,8.0,1.0,4.0,21.0,0.0,0.0,14.998872466573333,34.99530862542725,88520,0,0,0,35,SALT LAKE
1387,351387,160.0,395.2308123850717,2.4701925774066984,1991.0,983.0,79.0,929.0,2008.0204041073343,495.0,488.0,14.0,65.0,137.0,57.0,84.0,651.0,5.022012578616353,0.0,0.0,11.998391528717914,88520,0,0,0,35,SALT LAKE
1388,351388,0.0,0.0,0.0,0.0,0.0,0.0,0.0,0.0,0.0,0.0,0.0,0.0,0.0,0.0,0.0,0.0,0.0,0.0,0.0,0.0,62821,0,0,0,35,SALT LAKE
1389,351389,0.0,0.0,0.0,3452.0,14.0,14.0,3424.0,3452.0,13.0,1.0,14.0,0.0,702.0,93.0,16.0,2613.0,0.0,0.0,0.0,0.0,62821,0,0,0,35,SALT LAKE
1390,351390,0.0,0.0,0.0,0.0,0.0,0.0,0.0,0.0,0.0,0.0,0.0,0.0,0.0,0.0,0.0,0.0,0.0,0.0,0.0,0.0,62821,0,0,0,35,SALT LAKE
1391,351391,167.0,463.4657284246469,2.7752438827823167,593.0,18.0,211.0,364.0,606.0027940444412,18.0,0.0,1.0,210.0,28.0,20.0,0.0,316.0,1.0044025157232706,0.0,0.0,11.998391528717914,74142,0,0,0,35,SALT LAKE
1392,351392,0.0,0.0,0.0,8336.0,30.0,138.0,8168.0,8392.246540880504,5.0,25.0,90.0,48.0,3130.0,884.0,2837.0,1317.0,56.24654088050315,0.0,0.0,0.0,62821,0,0,0,35,SALT LAKE
1393,351393,243.0,636.268437875519,2.6183886332325885,292.0,35.0,6.0,251.0,314.0197339109667,34.0,1.0,6.0,0.0,112.0,25.0,36.0,78.0,5.022012578616353,0.0,0.0,16.997721332350377,74142,0,0,0,35,SALT LAKE
1394,351394,151.0,409.409496237451,2.711321167135437,440.0,8.0,9.0,423.0,463.05135575667066,4.0,4.0,6.0,3.0,148.0,15.0,37.0,223.0,12.052830188679248,0.0,0.0,10.998525567991422,74142,0,0,0,35,SALT LAKE
1395,351395,516.0,1384.1940110885248,2.682546533117296,1579.0,213.0,29.0,1337.0,1775.1308522849642,180.0,33.0,26.0,3.0,531.0,221.0,288.0,297.0,33.14528301886793,0.0,125.99052871921599,36.99504054688023,74142,0,0,0,35,SALT LAKE
1396,351396,212.0,536.1314831680905,2.5289220904155214,490.0,208.0,0.0,282.0,556.1598301281268,207.0,1.0,0.0,0.0,50.0,6.0,23.0,203.0,37.16289308176101,0.0,13.998947635468443,14.997989410897391,55559,0,0,0,35,SALT LAKE
1397,351397,1017.0,2938.532228405601,2.8894122206544743,2222.0,6.0,691.0,1525.0,2296.9990201644805,5.0,1.0,2.0,689.0,20.0,1106.0,18.0,381.0,2.008805031446541,0.0,0.0,72.99021513303397,55559,0,1278,2624,35,SALT LAKE
1398,351398,2489.0,7130.105642265217,2.864646702396632,545.0,265.0,56.0,224.0,805.0505166126691,255.0,10.0,1.0,55.0,21.0,32.0,26.0,145.0,18.07924528301887,0.0,62.995264359607994,178.97600697004222,55559,0,0,0,35,SALT LAKE
1399,351399,0.0,0.0,0.0,7666.0,150.0,785.0,6731.0,7666.0,1.0,149.0,46.0,739.0,2570.0,1842.0,211.0,2108.0,0.0,0.0,0.0,0.0,62821,0,0,0,35,SALT LAKE
1400,351400,132.0,335.8575737532336,2.544375558736618,3568.0,72.0,289.0,3207.0,3577.998659607265,35.0,37.0,27.0,262.0,1091.0,561.0,66.0,1489.0,0.0,0.0,0.0,9.998659607264928,62821,0,0,0,35,SALT LAKE
1401,351401,374.0,1038.5885921867805,2.776974845419199,3917.0,192.0,261.0,3464.0,3945.0007834553385,10.0,182.0,29.0,232.0,899.0,655.0,252.0,1658.0,1.0044025157232706,0.0,0.0,26.996380939615307,74142,0,0,0,35,SALT LAKE
1402,351402,318.0,848.0625279204341,2.666863295347277,396.0,155.0,3.0,238.0,442.0981749583446,154.0,1.0,2.0,1.0,59.0,12.0,1.0,166.0,23.101257861635226,0.0,0.0,22.996917096709332,74142,0,0,0,35,SALT LAKE
1403,351403,630.0,1730.685597731043,2.7471199963984803,667.0,204.0,42.0,421.0,992.0221754728632,196.0,8.0,1.0,41.0,25.0,14.0,111.0,271.0,11.048427672955976,0.0,268.9797795672151,44.993968232692175,74142,0,0,0,35,SALT LAKE
1404,351404,1935.0,5573.10892172582,2.880159649470708,207.0,58.0,25.0,124.0,345.9813685409825,58.0,0.0,0.0,25.0,5.0,19.0,15.0,85.0,0.0,0.0,0.0,138.9813685409825,74142,901,0,0,35,SALT LAKE
1405,351405,912.0,2816.2410801788296,3.0879836405469625,0.0,0.0,0.0,0.0,65.99115340794853,0.0,0.0,0.0,0.0,0.0,0.0,0.0,0.0,0.0,0.0,0.0,65.99115340794853,84601,0,0,0,35,SALT LAKE
1406,351406,379.0,1103.2788372632608,2.9110259558397384,38.0,0.0,2.0,36.0,68.00958848678512,0.0,0.0,0.0,2.0,5.0,0.0,29.0,2.0,3.013207547169812,0.0,0.0,26.996380939615307,56989,0,0,0,35,SALT LAKE
1407,351407,320.0,959.7196632579208,2.9991239476810025,233.0,129.0,19.0,85.0,258.00572212815587,127.0,2.0,2.0,17.0,7.0,2.0,47.0,29.0,2.008805031446541,0.0,0.0,22.996917096709332,55559,0,0,0,35,SALT LAKE
1408,351408,512.0,1486.1033012775006,2.9025455103076183,581.0,87.0,121.0,373.0,617.9950405468802,87.0,0.0,5.0,116.0,15.0,106.0,106.0,146.0,0.0,0.0,0.0,36.99504054688023,55559,1067,0,0,35,SALT LAKE
1409,351409,201.0,583.0983734290968,2.9009869324830686,240.0,16.0,133.0,91.0,253.9981234501709,16.0,0.0,1.0,132.0,1.0,82.0,0.0,8.0,0.0,0.0,0.0,13.9981234501709,73557,876,0,0,35,SALT LAKE
1410,351410,202.0,583.9845411698706,2.8910125800488644,740.0,382.0,18.0,340.0,862.9898711702253,268.0,114.0,5.0,13.0,33.0,48.0,93.0,166.0,0.0,0.0,107.991881759328,14.997989410897391,73557,0,0,0,35,SALT LAKE
1411,351411,3247.0,9194.876478267946,2.83180673799444,1470.0,859.0,56.0,555.0,1713.967883121048,374.0,485.0,1.0,55.0,76.0,8.0,134.0,337.0,0.0,0.0,9.999248311048888,233.9686348099993,73557,0,0,0,35,SALT LAKE
1412,351412,1006.0,3098.9285894856407,3.080445914001631,110.0,29.0,1.0,80.0,181.99034917230748,27.0,2.0,0.0,1.0,17.0,1.0,20.0,42.0,0.0,0.0,0.0,71.99034917230748,74905,1015,1530,0,35,SALT LAKE
1413,351413,1975.0,5992.266263111783,3.034058867398371,229.0,105.0,12.0,112.0,372.5932418722638,9.0,96.0,1.0,11.0,2.0,10.0,37.0,63.0,0.0,1.6122754491017963,0.0,141.980966423162,76808,2265,477,477,35,SALT LAKE
1414,351414,954.0,2973.092770295775,3.116449444754481,0.0,0.0,0.0,0.0,68.990751290128,0.0,0.0,0.0,0.0,0.0,0.0,0.0,0.0,0.0,0.0,0.0,68.990751290128,85557,0,0,0,35,SALT LAKE
1415,351415,1333.0,4145.492691339385,3.1098969927527267,162.0,9.0,0.0,153.0,257.98713222974334,4.0,5.0,0.0,0.0,5.0,84.0,9.0,55.0,0.0,0.0,0.0,95.98713222974332,85457,0,0,0,35,SALT LAKE
1416,351416,877.0,2686.8605900258685,3.0636950855483107,70.0,0.0,0.0,70.0,132.99155552576903,0.0,0.0,0.0,0.0,1.0,56.0,10.0,3.0,0.0,0.0,0.0,62.99155552576904,85557,0,0,0,35,SALT LAKE
1417,351417,84.0,232.1759480827103,2.7639993819370274,0.0,0.0,0.0,0.0,5.999195764358957,0.0,0.0,0.0,0.0,0.0,0.0,0.0,0.0,0.0,0.0,0.0,5.999195764358957,80134,0,0,0,35,SALT LAKE
1418,351418,180.0,454.60405101690986,2.5255780612050547,0.0,0.0,0.0,0.0,12.998257489444406,0.0,0.0,0.0,0.0,0.0,0.0,0.0,0.0,0.0,0.0,0.0,12.998257489444406,85557,0,0,0,35,SALT LAKE
1419,351419,165.0,468.78273486928913,2.8411074840562978,0.0,0.0,0.0,0.0,21.9976398397668,0.0,0.0,0.0,0.0,0.0,0.0,0.0,0.0,0.0,0.0,9.999248311048888,11.998391528717914,85557,0,0,0,35,SALT LAKE
1420,351420,1518.0,4574.397877873857,3.0134373372028045,310.0,4.0,236.0,70.0,418.9853897191877,4.0,0.0,0.0,236.0,4.0,23.0,2.0,41.0,0.0,0.0,0.0,108.98538971918772,70915,835,0,0,35,SALT LAKE
1421,351421,979.0,2739.144486731517,2.797900395027086,1520.0,932.0,22.0,566.0,1655.0259715638592,848.0,84.0,21.0,1.0,34.0,127.0,15.0,390.0,9.039622641509435,0.0,54.99586571076889,70.990483211581,80746,0,0,0,35,SALT LAKE
1422,351422,1267.0,3866.349852995668,3.051578415939753,171.0,78.0,3.0,90.0,261.9878024261109,77.0,1.0,0.0,3.0,0.0,28.0,0.0,62.0,0.0,0.0,0.0,90.98780242611085,57567,535,0,0,35,SALT LAKE
1423,351423,1702.0,5138.8867287467065,3.019322402318864,61.0,18.0,2.0,41.0,183.98351316935862,2.0,16.0,0.0,2.0,4.0,3.0,14.0,20.0,0.0,0.0,0.0,122.98351316935862,63315,0,0,0,35,SALT LAKE
1424,351424,588.0,1578.2647463179658,2.684123718227833,1237.0,7.0,54.0,1176.0,1295.0648106020851,6.0,1.0,1.0,53.0,531.0,113.0,421.0,111.0,16.07044025157233,0.0,0.0,41.994370350512696,74099,803,0,0,35,SALT LAKE
1425,351425,610.0,1647.3858300983147,2.700632508357893,647.0,496.0,6.0,145.0,853.0177463879047,318.0,178.0,0.0,6.0,0.0,61.0,11.0,73.0,8.035220125786164,0.0,153.98842399015288,43.99410227196569,74099,0,0,0,35,SALT LAKE
1426,351426,786.0,2278.3372615291914,2.898647915431541,412.0,185.0,37.0,190.0,469.99676227713337,179.0,6.0,0.0,37.0,17.0,80.0,2.0,91.0,1.0044025157232706,0.0,0.0,56.99235976141009,74099,749,0,0,35,SALT LAKE
1427,351427,694.0,2159.590784265515,3.111802282803336,0.0,0.0,0.0,0.0,49.99329803632464,0.0,0.0,0.0,0.0,0.0,0.0,0.0,0.0,0.0,0.0,0.0,49.99329803632464,74099,0,0,0,35,SALT LAKE
1428,351428,562.0,1423.1853916825678,2.5323583481896224,191.0,8.0,9.0,174.0,236.01665100767605,8.0,0.0,3.0,6.0,0.0,14.0,70.0,90.0,5.022012578616353,0.0,0.0,39.99463842905971,58248,0,0,0,35,SALT LAKE
1429,351429,0.0,0.0,0.0,3078.0,593.0,756.0,1729.0,9492.705854291833,484.0,109.0,159.0,597.0,198.0,322.0,40.0,1169.0,42.18490566037736,0.0,6372.520948631456,0.0,58248,358,153,0,35,SALT LAKE
1430,351430,1899.0,4772.899451807167,2.513375172094348,1152.0,35.0,3.0,1114.0,1291.9948441666993,26.0,9.0,1.0,2.0,310.0,224.0,9.0,571.0,3.013207547169812,0.0,0.0,136.98163661952952,52259,0,0,0,35,SALT LAKE
1431,351431,878.0,2508.7408741303543,2.8573358475288773,259.0,102.0,6.0,151.0,361.9885487699646,93.0,9.0,1.0,5.0,0.0,14.0,5.0,132.0,0.0,0.0,39.99699324419555,62.99155552576904,44056,0,0,0,35,SALT LAKE
1432,351432,1239.0,2998.7916347782125,2.4203322314594127,5038.0,2961.0,2.0,2075.0,5469.962287573635,2257.0,704.0,1.0,1.0,648.0,228.0,463.0,736.0,0.0,0.0,342.9742170689769,88.98807050465786,64702,0,0,0,35,SALT LAKE
1433,351433,1127.0,3204.382550637712,2.8432853155614124,271.0,1.0,5.0,265.0,351.98914281884595,1.0,0.0,0.0,5.0,2.0,47.0,156.0,60.0,0.0,0.0,0.0,80.98914281884592,57904,638,0,0,35,SALT LAKE
1434,351434,872.0,2439.6197903500056,2.7977291173738594,18.0,0.0,0.0,18.0,80.99155552576903,0.0,0.0,0.0,0.0,1.0,0.0,13.0,4.0,0.0,0.0,0.0,62.99155552576904,83582,0,0,0,35,SALT LAKE
1435,351435,944.0,2734.713648027649,2.896942423758102,46.0,0.0,0.0,46.0,113.99088532940151,0.0,0.0,0.0,0.0,2.0,0.0,35.0,9.0,0.0,0.0,0.0,67.99088532940151,78710,0,0,0,35,SALT LAKE
1436,351436,742.0,2110.8515585229616,2.844813421189975,420.0,35.0,27.0,358.0,473.9972984342274,32.0,3.0,2.0,25.0,4.0,80.0,226.0,48.0,1.0044025157232706,0.0,0.0,52.99289591850412,66241,755,0,0,35,SALT LAKE
1437,351437,742.0,2242.8905518982438,3.022763547032673,332.0,118.0,59.0,155.0,384.99289591850413,83.0,35.0,7.0,52.0,4.0,44.0,18.0,89.0,0.0,0.0,0.0,52.99289591850412,65438,570,0,0,35,SALT LAKE
1438,351438,880.0,2616.8533385047463,2.973696975573575,303.0,80.0,18.0,205.0,365.99155552576906,39.0,41.0,0.0,18.0,6.0,86.0,63.0,50.0,0.0,0.0,0.0,62.99155552576904,71630,485,0,0,35,SALT LAKE
1439,351439,537.0,1479.013959351311,2.7542159392016967,1852.0,436.0,34.0,1382.0,1894.0079800155029,358.0,78.0,3.0,31.0,637.0,65.0,116.0,564.0,3.013207547169812,0.0,0.0,38.99477246833322,60210,0,0,0,35,SALT LAKE
1440,351440,1175.0,3207.927221600806,2.7301508268943038,2828.0,296.0,68.0,2464.0,3145.971092309191,197.0,99.0,2.0,66.0,87.0,204.0,185.0,1988.0,0.0,0.0,232.9824856474391,84.98860666175189,48918,328,885,0,35,SALT LAKE
1441,351441,1427.0,3369.2097504216204,2.3610439736661677,959.0,27.0,102.0,830.0,1061.9861939548287,26.0,1.0,9.0,93.0,225.0,45.0,253.0,307.0,0.0,0.0,0.0,102.98619395482876,48706,0,0,0,35,SALT LAKE
1442,351442,647.0,1627.8901398012931,2.5160589486882428,6.0,0.0,2.0,4.0,52.99370015414516,0.0,0.0,1.0,1.0,2.0,1.0,1.0,0.0,0.0,0.0,0.0,46.99370015414516,65461,0,0,0,35,SALT LAKE
1443,351443,345.0,871.1028891805505,2.5249359106682623,56.0,9.0,0.0,47.0,80.99664901816232,9.0,0.0,0.0,0.0,3.0,3.0,15.0,26.0,0.0,0.0,0.0,24.99664901816232,52942,0,0,0,35,SALT LAKE
1444,351444,1332.0,3155.643324895158,2.369101595266635,1098.0,471.0,49.0,578.0,1416.9703695661335,406.0,65.0,13.0,36.0,35.0,72.0,159.0,312.0,0.0,0.0,222.9832373363902,95.98713222974332,59282,665,0,0,35,SALT LAKE
1445,351445,854.0,1958.4307071098845,2.2932443877164923,934.0,224.0,39.0,671.0,1146.9848756168776,155.0,69.0,17.0,22.0,16.0,143.0,0.0,512.0,1.0044025157232706,0.0,150.9886494968382,60.99182360431606,52942,0,0,0,35,SALT LAKE
1446,351446,17.0,49.62539348332739,2.9191407931369056,0.0,0.0,0.0,0.0,0.9998659607264928,0.0,0.0,0.0,0.0,0.0,0.0,0.0,0.0,0.0,0.0,0.0,0.9998659607264928,40339,0,0,0,35,SALT LAKE
1447,351447,394.0,1095.303327596297,2.779957684254562,0.0,0.0,0.0,0.0,27.9962469003418,0.0,0.0,0.0,0.0,0.0,0.0,0.0,0.0,0.0,0.0,0.0,27.9962469003418,40339,0,0,0,35,SALT LAKE
1448,351448,288.0,754.1287473984216,2.6185025951334087,0.0,0.0,0.0,0.0,20.997185175256348,0.0,0.0,0.0,0.0,0.0,0.0,0.0,0.0,0.0,0.0,0.0,20.997185175256348,40339,0,0,0,35,SALT LAKE
1449,351449,1053.0,2296.946784085439,2.181335977289116,886.0,148.0,2.0,736.0,1048.9832733213389,103.0,45.0,0.0,2.0,52.0,53.0,78.0,553.0,0.0,0.0,86.99346030612533,75.98981301521346,47259,0,0,0,35,SALT LAKE
1450,351450,819.0,1869.813933032514,2.283045095277795,3352.0,1000.0,556.0,1796.0,3410.9920916828632,901.0,99.0,17.0,539.0,496.0,638.0,35.0,627.0,0.0,0.0,0.0,58.99209168286308,47259,0,0,0,35,SALT LAKE
1451,351451,2272.0,4904.938445182448,2.158863752281007,64.0,0.0,7.0,57.0,227.97801755914483,0.0,0.0,4.0,3.0,0.0,0.0,0.0,57.0,0.0,0.0,0.0,163.97801755914483,47259,0,0,0,35,SALT LAKE
1452,351452,1973.0,4320.067736271804,2.189593378749014,148.0,12.0,32.0,104.0,289.980966423162,9.0,3.0,1.0,31.0,5.0,2.0,7.0,90.0,0.0,0.0,0.0,141.980966423162,32063,0,0,0,35,SALT LAKE
1453,351453,101.0,222.4281029341996,2.202258444893065,1040.0,141.0,216.0,683.0,1286.9810211902588,136.0,5.0,6.0,210.0,83.0,37.0,8.0,555.0,0.0,0.0,239.98195946517333,6.99906172508545,47259,0,0,0,35,SALT LAKE
1454,351454,836.0,1865.3830943286457,2.231319490823739,974.0,146.0,76.0,752.0,1043.9912059546384,120.0,26.0,41.0,35.0,68.0,28.0,119.0,537.0,0.0,0.0,9.999248311048888,59.99195764358957,47259,0,0,0,35,SALT LAKE
1455,351455,1127.0,2685.974422285095,2.3832958494100223,380.0,75.0,82.0,223.0,467.0155579131855,72.0,3.0,5.0,77.0,4.0,71.0,5.0,143.0,6.026415094339623,0.0,0.0,80.98914281884592,65392,559,240,0,35,SALT LAKE
1456,351456,1592.0,4140.175684894743,2.6006128673961952,1289.0,344.0,153.0,792.0,1660.0011637233451,291.0,53.0,24.0,129.0,29.0,207.0,43.0,513.0,8.035220125786164,0.0,247.98135811401244,114.98458548354668,76005,842,1174,0,35,SALT LAKE
1457,351457,1162.0,3591.63785335582,3.090910372939604,1592.0,52.0,125.0,1415.0,1675.9887407010253,8.0,44.0,3.0,122.0,70.0,576.0,7.0,762.0,0.0,0.0,0.0,83.98874070102539,68658,1379,0,2708,35,SALT LAKE
1458,351458,833.0,2491.01751931488,2.990417190053878,1.0,0.0,0.0,1.0,63.000762675036114,0.0,0.0,0.0,0.0,0.0,0.0,0.0,1.0,2.008805031446541,0.0,0.0,59.99195764358957,80659,0,0,0,35,SALT LAKE
1459,351459,6.0,12.406348370831848,2.067724728471975,1945.0,138.0,811.0,996.0,1960.066037735849,112.0,26.0,358.0,453.0,41.0,240.0,6.0,709.0,15.066037735849058,0.0,0.0,0.0,61390,0,0,0,35,SALT LAKE
1460,351460,788.0,2271.2479196030017,2.8822943142170074,290.0,60.0,1.0,229.0,346.9923597614101,54.0,6.0,0.0,1.0,8.0,6.0,144.0,71.0,0.0,0.0,0.0,56.99235976141009,45264,0,0,0,35,SALT LAKE
1461,351461,436.0,1169.7414178212885,2.6828931601405697,30.0,20.0,0.0,10.0,60.99584478252128,16.0,4.0,0.0,0.0,1.0,0.0,5.0,4.0,0.0,0.0,0.0,30.99584478252128,53531,0,0,0,35,SALT LAKE
1462,351462,163.0,500.6847735371424,3.0716857272217326,477.0,164.0,150.0,163.0,488.9983915287179,134.0,30.0,0.0,150.0,0.0,5.0,113.0,45.0,0.0,0.0,0.0,11.998391528717914,58150,0,0,0,35,SALT LAKE
1463,351463,1188.0,3197.293208711522,2.691324249757173,1017.0,158.0,298.0,561.0,1223.97937718617,136.0,22.0,112.0,186.0,23.0,125.0,51.0,362.0,0.0,0.0,120.99090456369154,85.98847262247838,45074,1244,0,0,35,SALT LAKE
1464,351464,731.0,2016.917778000949,2.75912144733372,2330.0,745.0,804.0,781.0,2391.992219398448,726.0,19.0,4.0,800.0,12.0,559.0,22.0,188.0,0.0,0.0,8.999323479944,52.99289591850412,52362,0,840,1712,35,SALT LAKE
1465,351465,208.0,501.5709412779161,2.411398756143828,1064.0,153.0,1.0,910.0,1078.9979894108974,134.0,19.0,0.0,1.0,66.0,30.0,695.0,119.0,0.0,0.0,0.0,14.997989410897391,58150,0,0,0,35,SALT LAKE
1466,351466,931.0,2386.4497259035834,2.5633187174044934,569.0,118.0,44.0,407.0,739.9832018035835,114.0,4.0,19.0,25.0,40.0,4.0,333.0,30.0,0.0,0.0,103.99218243490844,66.99101936867501,50686,0,0,407,35,SALT LAKE
1467,351467,354.0,982.7600245180372,2.7761582613503872,452.0,50.0,247.0,155.0,476.9966490181623,50.0,0.0,242.0,5.0,21.0,5.0,53.0,76.0,0.0,0.0,0.0,24.99664901816232,50686,0,0,0,35,SALT LAKE
1468,351468,542.0,1479.013959351311,2.7288080430836,184.0,28.0,0.0,156.0,222.99477246833322,6.0,22.0,0.0,0.0,23.0,79.0,2.0,52.0,0.0,0.0,0.0,38.99477246833322,52925,0,0,0,35,SALT LAKE
1469,351469,229.0,523.7251347972588,2.287009322258772,482.0,19.0,18.0,445.0,497.99785537162387,11.0,8.0,0.0,18.0,5.0,339.0,5.0,96.0,0.0,0.0,0.0,15.997855371623883,52925,6,0,0,35,SALT LAKE
1470,351470,250.0,538.7899863904116,2.1551599455616466,222.0,0.0,57.0,165.0,239.99758729307686,0.0,0.0,4.0,53.0,27.0,52.0,1.0,85.0,0.0,0.0,0.0,17.99758729307687,65358,610,0,0,35,SALT LAKE
1471,351471,519.0,1197.212617785273,2.306768049682608,414.0,4.0,60.0,350.0,469.9936123378732,4.0,0.0,7.0,53.0,52.0,56.0,1.0,241.0,0.0,0.0,18.998571790992887,36.99504054688023,65358,0,0,119,35,SALT LAKE
1472,351472,67.0,166.59953526545624,2.4865602278426304,255.0,107.0,10.0,138.0,259.99932980363246,90.0,17.0,10.0,0.0,0.0,41.0,25.0,72.0,0.0,0.0,0.0,4.999329803632464,79819,0,0,0,35,SALT LAKE
1473,351473,241.0,507.77411546333207,2.106946537192249,1157.0,380.0,3.0,774.0,1234.9976137143672,331.0,49.0,1.0,2.0,54.0,81.0,184.0,455.0,1.0044025157232706,0.0,59.99548986629333,16.997721332350377,65358,0,0,0,35,SALT LAKE
1474,351474,930.0,2130.347248819983,2.2906959664731,449.0,140.0,75.0,234.0,521.9905683553044,122.0,18.0,26.0,49.0,19.0,43.0,10.0,162.0,0.0,0.0,5.999548986629333,66.99101936867501,49959,0,0,0,35,SALT LAKE
1475,351475,873.0,2312.897803419366,2.649367472416227,1145.0,123.0,262.0,760.0,1319.9831366095166,123.0,0.0,129.0,133.0,54.0,30.0,78.0,598.0,0.0,0.0,111.99158108374755,62.99155552576904,49959,0,0,0,35,SALT LAKE
1476,351476,163.0,356.2394317910288,2.1855179864480294,567.0,240.0,52.0,275.0,1157.053452968948,239.0,1.0,49.0,3.0,16.0,4.0,64.0,191.0,22.09685534591195,0.0,555.9582060943181,11.998391528717914,69092,0,0,0,35,SALT LAKE
1477,351477,474.0,1238.8625016016374,2.613633969623708,1625.0,542.0,50.0,1033.0,1658.9954426647007,330.0,212.0,43.0,7.0,196.0,64.0,135.0,638.0,0.0,0.0,0.0,33.995442664700754,49916,0,0,0,35,SALT LAKE
1478,351478,515.0,1334.5686176051972,2.5913953739906743,371.0,11.0,8.0,352.0,424.06548079845254,11.0,0.0,0.0,8.0,53.0,36.0,0.0,263.0,16.07044025157233,0.0,0.0,36.99504054688023,69092,835,0,0,35,SALT LAKE
1479,351479,939.0,2046.1613134464808,2.1790855308269235,468.0,33.0,155.0,280.0,535.9908853294015,27.0,6.0,65.0,90.0,26.0,31.0,2.0,221.0,0.0,0.0,0.0,67.99088532940151,31357,0,0,0,35,SALT LAKE
1480,351480,0.0,0.0,0.0,3640.0,67.0,496.0,3077.0,3640.0,66.0,1.0,238.0,258.0,1351.0,356.0,27.0,1343.0,0.0,0.0,0.0,0.0,31844,0,0,0,35,SALT LAKE
1481,351481,0.0,0.0,0.0,1901.0,143.0,1036.0,722.0,2288.073896383815,139.0,4.0,864.0,172.0,14.0,52.0,3.0,653.0,23.101257861635226,0.0,363.9726385221795,0.0,48032,0,0,0,35,SALT LAKE
1482,351482,364.0,1017.3205664082116,2.79483672090168,1199.0,16.0,902.0,281.0,1307.0082618679633,11.0,5.0,816.0,86.0,36.0,30.0,129.0,86.0,4.017610062893082,0.0,77.99413682618133,25.99651497888881,48032,0,0,0,35,SALT LAKE
1483,351483,416.0,1196.3264500444996,2.8757847356838933,0.0,0.0,0.0,0.0,29.995978821794782,0.0,0.0,0.0,0.0,0.0,0.0,0.0,0.0,0.0,0.0,0.0,29.995978821794782,48032,0,0,0,35,SALT LAKE
1484,351484,260.0,763.8765925469323,2.9379868944112784,0.0,0.0,0.0,0.0,18.997453253803364,0.0,0.0,0.0,0.0,0.0,0.0,0.0,0.0,0.0,0.0,0.0,18.997453253803364,88520,0,0,0,35,SALT LAKE
1485,351485,0.0,0.0,0.0,10.0,0.0,3.0,7.0,10.0,0.0,0.0,3.0,0.0,0.0,4.0,0.0,3.0,0.0,0.0,0.0,0.0,88520,0,0,0,35,SALT LAKE
1486,351486,314.0,987.1908632219056,3.1439199465665784,0.0,0.0,0.0,0.0,22.996917096709332,0.0,0.0,0.0,0.0,0.0,0.0,0.0,0.0,0.0,0.0,0.0,22.996917096709332,65982,0,0,0,35,SALT LAKE
1487,351487,557.0,1677.5155332846205,3.0116975462919577,0.0,0.0,0.0,0.0,42.003443460506254,0.0,0.0,0.0,0.0,0.0,0.0,0.0,0.0,2.008805031446541,0.0,0.0,39.99463842905971,71003,0,0,0,35,SALT LAKE
1488,351488,358.0,1091.7586566332027,3.0496051861262643,348.0,253.0,6.0,89.0,373.9965149788888,114.0,139.0,0.0,6.0,0.0,3.0,20.0,66.0,0.0,0.0,0.0,25.99651497888881,58150,0,0,0,35,SALT LAKE
1489,351489,646.0,1972.609390962264,3.053574908610316,135.0,0.0,0.0,135.0,181.99370015414516,0.0,0.0,0.0,0.0,12.0,63.0,11.0,49.0,0.0,0.0,0.0,46.99370015414516,69744,1042,0,0,35,SALT LAKE
1490,351490,213.0,615.0004120969502,2.8873258783894373,124.0,30.0,40.0,54.0,138.9979894108974,18.0,12.0,1.0,39.0,7.0,4.0,38.0,5.0,0.0,0.0,0.0,14.997989410897391,88226,0,0,0,35,SALT LAKE
1491,351491,763.0,2249.0937260836595,2.947698199323276,0.0,0.0,0.0,0.0,54.9926278399571,0.0,0.0,0.0,0.0,0.0,0.0,0.0,0.0,0.0,0.0,0.0,54.9926278399571,75544,0,0,0,35,SALT LAKE
1492,351492,335.0,984.5323599995844,2.938902567162939,0.0,0.0,0.0,0.0,23.996783057435827,0.0,0.0,0.0,0.0,0.0,0.0,0.0,0.0,0.0,0.0,0.0,23.996783057435827,88226,0,1088,0,35,SALT LAKE
1493,351493,16.0,36.33287737172184,2.270804835732615,0.0,0.0,0.0,0.0,0.9998659607264928,0.0,0.0,0.0,0.0,0.0,0.0,0.0,0.0,0.0,0.0,0.0,0.9998659607264928,58150,0,0,0,35,SALT LAKE
1494,351494,0.0,0.0,0.0,273.0,1.0,40.0,232.0,273.0,1.0,0.0,0.0,40.0,9.0,58.0,0.0,165.0,0.0,0.0,0.0,0.0,76958,0,0,0,35,SALT LAKE
1495,351495,345.0,974.7845148510736,2.8254623618871704,265.0,64.0,0.0,201.0,291.0010515338856,33.0,31.0,0.0,0.0,2.0,1.0,142.0,56.0,1.0044025157232706,0.0,0.0,24.99664901816232,76997,0,0,0,35,SALT LAKE
1496,351496,274.0,840.0870182534709,3.066011015523616,82.0,0.0,1.0,81.0,105.01052676169967,0.0,0.0,0.0,1.0,2.0,27.0,52.0,0.0,3.013207547169812,0.0,0.0,19.997319214529856,89579,912,0,0,35,SALT LAKE
1497,351497,345.0,1028.8407470382697,2.9821470928645497,0.0,0.0,0.0,0.0,24.99664901816232,0.0,0.0,0.0,0.0,0.0,0.0,0.0,0.0,0.0,0.0,0.0,24.99664901816232,89820,0,0,0,35,SALT LAKE
1498,351498,428.0,1258.3581918986588,2.9400892334080813,688.0,425.0,0.0,263.0,718.9958447825213,339.0,86.0,0.0,0.0,10.0,11.0,1.0,241.0,0.0,0.0,0.0,30.99584478252128,91975,0,0,0,35,SALT LAKE
1499,351499,491.0,1394.8280239778092,2.8407902728672285,0.0,0.0,0.0,0.0,34.99530862542725,0.0,0.0,0.0,0.0,0.0,0.0,0.0,0.0,0.0,0.0,0.0,34.99530862542725,102151,0,0,0,35,SALT LAKE
1500,351500,244.0,681.4629926549779,2.792881117438434,247.0,1.0,6.0,240.0,267.0063923245234,1.0,0.0,0.0,6.0,4.0,61.0,66.0,109.0,2.008805031446541,0.0,0.0,17.99758729307687,79819,573,245,0,35,SALT LAKE
1501,351501,987.0,2167.5662939324784,2.196115799323686,509.0,107.0,0.0,402.0,601.9888294958886,91.0,16.0,0.0,0.0,86.0,12.0,42.0,262.0,0.0,0.0,21.998346284307555,70.990483211581,35503,0,0,0,35,SALT LAKE
1502,351502,312.0,772.7382699546694,2.476725224213684,84.0,0.0,0.0,84.0,105.99705113598284,0.0,0.0,0.0,0.0,3.0,66.0,10.0,5.0,0.0,0.0,0.0,21.997051135982844,109592,970,0,0,35,SALT LAKE
1503,351503,514.0,1246.838011268601,2.4257548857365774,337.0,7.0,37.0,293.0,447.989478048642,5.0,2.0,0.0,37.0,20.0,7.0,170.0,96.0,0.0,0.0,73.99443750176178,36.99504054688023,83585,0,0,0,35,SALT LAKE
1504,351504,435.0,1113.0266824117714,2.558682028532808,45.0,0.0,1.0,44.0,75.99584478252129,0.0,0.0,1.0,0.0,10.0,0.0,23.0,11.0,0.0,0.0,0.0,30.99584478252128,55207,0,0,0,35,SALT LAKE
1505,351505,395.0,984.5323599995844,2.4924869873407203,56.0,3.0,0.0,53.0,83.9962469003418,3.0,0.0,0.0,0.0,5.0,40.0,4.0,4.0,0.0,0.0,0.0,27.9962469003418,83024,0,1413,0,35,SALT LAKE
1506,351506,603.0,1485.217133536727,2.463046655948138,913.0,205.0,130.0,578.0,955.9942363112392,166.0,39.0,2.0,128.0,61.0,137.0,32.0,348.0,0.0,0.0,0.0,42.99423631123919,83585,0,0,2479,35,SALT LAKE
1507,351507,717.0,1809.5545266599024,2.523785950711161,3936.0,551.0,2484.0,901.0,4165.979649894448,447.0,104.0,2404.0,80.0,54.0,165.0,259.0,423.0,0.0,0.0,177.98661993667022,51.99302995777762,55207,47,18,18,35,SALT LAKE
1508,351508,623.0,1672.1985268399785,2.684106784654861,1378.0,235.0,13.0,1130.0,1422.9939682326922,140.0,95.0,7.0,6.0,93.0,62.0,126.0,849.0,0.0,0.0,0.0,44.993968232692175,49887,0,0,0,35,SALT LAKE
1509,351509,393.0,999.5972115927376,2.5435043551978054,688.0,175.0,14.0,499.0,775.9962144512535,113.0,62.0,10.0,4.0,59.0,83.0,136.0,221.0,1.0044025157232706,0.0,58.99556503518844,27.9962469003418,69092,0,0,0,35,SALT LAKE
1510,351510,438.0,1221.139146786163,2.7879889196031127,0.0,0.0,0.0,0.0,31.99571074324777,0.0,0.0,0.0,0.0,0.0,0.0,0.0,0.0,0.0,0.0,0.0,31.99571074324777,81751,0,0,0,35,SALT LAKE
1511,351511,457.0,1240.6348370831847,2.71473706145117,1528.0,70.0,23.0,1435.0,1674.229769762189,9.0,61.0,13.0,10.0,228.0,234.0,331.0,642.0,4.017610062893082,3.2245508982035926,105.99203209711821,32.995576703974265,81751,0,0,0,35,SALT LAKE
1512,351512,409.0,1170.6275855620622,2.862170135848563,598.0,41.0,0.0,557.0,635.6392059202329,17.0,24.0,0.0,0.0,189.0,4.0,130.0,234.0,7.030817610062893,1.6122754491017963,0.0,28.99611286106829,81751,0,0,0,35,SALT LAKE
1513,351513,543.0,1168.855250080515,2.1525879375331765,1304.0,277.0,307.0,720.0,1342.9947724683332,163.0,114.0,228.0,79.0,251.0,209.0,45.0,215.0,0.0,0.0,0.0,38.99477246833322,63423,0,0,0,35,SALT LAKE
1514,351514,673.0,1401.9173659039989,2.0830867249687945,1554.0,112.0,565.0,877.0,1601.9935661148716,99.0,13.0,269.0,296.0,342.0,166.0,91.0,278.0,0.0,0.0,0.0,47.993566114871655,63423,0,0,0,35,SALT LAKE
1515,351515,0.0,0.0,0.0,936.0,208.0,262.0,466.0,936.0,208.0,0.0,152.0,110.0,82.0,19.0,47.0,318.0,0.0,0.0,0.0,0.0,31449,0,0,0,35,SALT LAKE
1516,351516,0.0,0.0,0.0,2063.0,186.0,91.0,1786.0,2097.0019219421843,183.0,3.0,74.0,17.0,566.0,313.0,2.0,905.0,1.0044025157232706,0.0,32.99751942646133,0.0,31449,0,0,0,35,SALT LAKE
1517,351517,1719.0,3708.6119951379487,2.1574240809412157,3142.0,21.0,1.0,3120.0,3265.9833791300853,14.0,7.0,1.0,0.0,1955.0,275.0,689.0,201.0,0.0,0.0,0.0,123.98337913008513,88520,0,0,0,35,SALT LAKE
1518,351518,1729.0,4309.43372338252,2.492442870666582,3035.0,18.0,168.0,2849.0,3165.005257669428,16.0,2.0,4.0,164.0,1785.0,472.0,31.0,561.0,5.022012578616353,0.0,0.0,124.9832450908116,88520,0,0,0,35,SALT LAKE
1519,351519,338.0,772.7382699546694,2.28620789927417,1906.0,425.0,0.0,1481.0,1931.001185573159,419.0,6.0,0.0,0.0,786.0,51.0,195.0,449.0,1.0044025157232706,0.0,0.0,23.996783057435827,88520,0,0,0,35,SALT LAKE
1520,351520,349.0,858.6965408097186,2.460448541002059,528.0,151.0,31.0,346.0,552.9966490181623,142.0,9.0,0.0,31.0,84.0,52.0,7.0,203.0,0.0,0.0,0.0,24.99664901816232,88520,0,0,0,35,SALT LAKE
1521,351521,719.0,1552.5658818355284,2.159340586697536,3380.0,228.0,1.0,3151.0,3432.997432473501,221.0,7.0,1.0,0.0,1106.0,135.0,1311.0,599.0,1.0044025157232706,0.0,0.0,51.99302995777762,88520,0,0,0,35,SALT LAKE
1522,351522,366.0,900.3464246260827,2.459962908814433,9899.0,655.0,1.0,9243.0,9925.996439809995,626.0,29.0,1.0,0.0,1674.0,337.0,4486.0,2746.0,0.0,0.0,0.9999248311048888,25.99651497888881,88520,0,0,0,35,SALT LAKE
1523,351523,1098.0,2653.186215876468,2.4163808887763825,3964.0,328.0,24.0,3612.0,4042.989410897393,328.0,0.0,1.0,23.0,551.0,72.0,490.0,2499.0,0.0,0.0,0.0,78.98941089739293,88520,0,0,0,35,SALT LAKE
1524,351524,387.0,887.9400762552508,2.2944188016931544,2717.0,522.0,105.0,2090.0,2744.9962469003417,518.0,4.0,8.0,97.0,115.0,24.0,221.0,1730.0,0.0,0.0,0.0,27.9962469003418,88520,0,0,0,35,SALT LAKE
1525,351525,1682.0,3881.4147045888208,2.307618730433306,156.0,48.0,8.0,100.0,276.98378124790565,48.0,0.0,0.0,8.0,32.0,4.0,0.0,64.0,0.0,0.0,0.0,120.98378124790564,88520,0,0,0,35,SALT LAKE
1526,351526,189.0,507.77411546333207,2.6866355315520214,0.0,0.0,0.0,0.0,13.9981234501709,0.0,0.0,0.0,0.0,0.0,0.0,0.0,0.0,0.0,0.0,0.0,13.9981234501709,88520,0,0,0,35,SALT LAKE
1527,351527,1931.0,4098.525801078378,2.1224887628577824,106.0,18.0,1.0,87.0,244.9813685409825,18.0,0.0,1.0,0.0,15.0,2.0,10.0,60.0,0.0,0.0,0.0,138.9813685409825,88520,0,0,0,35,SALT LAKE
1528,351528,567.0,1573.8339076140974,2.775721177449907,0.0,0.0,0.0,0.0,40.99450438978621,0.0,0.0,0.0,0.0,0.0,0.0,0.0,0.0,0.0,0.0,0.0,40.99450438978621,88520,0,0,0,35,SALT LAKE
1529,351529,339.0,986.304695481132,2.9094533790003894,0.0,0.0,0.0,0.0,23.996783057435827,0.0,0.0,0.0,0.0,0.0,0.0,0.0,0.0,0.0,0.0,0.0,23.996783057435827,88520,0,0,0,35,SALT LAKE
1530,351530,997.0,2262.386242195265,2.269193823666264,2633.0,303.0,77.0,2253.0,2704.9903491723076,303.0,0.0,4.0,73.0,240.0,25.0,189.0,1799.0,0.0,0.0,0.0,71.99034917230748,88520,0,0,0,35,SALT LAKE
1531,351531,829.0,2410.376254904473,2.9075708744324165,2562.0,35.0,11.0,2516.0,2621.9919576435896,2.0,33.0,7.0,4.0,318.0,810.0,86.0,1302.0,0.0,0.0,0.0,59.99195764358957,88520,0,0,0,35,SALT LAKE
1532,351532,674.0,1930.9595071459,2.8649250847862016,0.0,0.0,0.0,0.0,48.99343207559815,0.0,0.0,0.0,0.0,0.0,0.0,0.0,0.0,0.0,0.0,0.0,48.99343207559815,77428,0,0,0,35,SALT LAKE
1533,351533,207.0,595.5047217999287,2.876834404830573,80.0,6.0,9.0,65.0,344.9791971871196,6.0,0.0,9.0,0.0,17.0,1.0,45.0,2.0,0.0,0.0,249.98120777622222,14.997989410897391,77428,0,0,0,35,SALT LAKE
1534,351534,315.0,864.8997149951346,2.745713380936935,0.0,0.0,0.0,0.0,22.996917096709332,0.0,0.0,0.0,0.0,0.0,0.0,0.0,0.0,0.0,0.0,0.0,22.996917096709332,77428,0,0,0,35,SALT LAKE
1535,351535,1410.0,4211.069104156639,2.9865738327352047,392.0,22.0,107.0,263.0,493.9863279941023,21.0,1.0,6.0,101.0,26.0,132.0,6.0,99.0,0.0,0.0,0.0,101.98632799410228,77428,1240,0,0,35,SALT LAKE
1536,351536,288.0,811.7296505487124,2.8185057310719177,266.0,6.0,11.0,249.0,286.99718517525633,4.0,2.0,0.0,11.0,14.0,8.0,120.0,107.0,0.0,0.0,0.0,20.997185175256348,77428,0,0,0,35,SALT LAKE
1537,351537,809.0,2360.750861421146,2.918109841064457,359.0,114.0,7.0,238.0,428.99132369539524,35.0,79.0,0.0,7.0,28.0,8.0,32.0,170.0,0.0,0.0,11.999097973258666,57.99222572213658,77428,0,0,0,35,SALT LAKE
1538,351538,619.0,1721.8239203233056,2.781621842202432,0.0,0.0,0.0,0.0,47.00277326413872,0.0,0.0,0.0,0.0,0.0,0.0,0.0,0.0,2.008805031446541,0.0,0.0,44.993968232692175,77428,0,0,0,35,SALT LAKE
1539,351539,451.0,1270.764540269491,2.8176597345221523,360.0,49.0,26.0,285.0,391.99571074324774,49.0,0.0,3.0,23.0,12.0,69.0,5.0,199.0,0.0,0.0,0.0,31.99571074324777,77428,700,300,0,35,SALT LAKE
1540,351540,511.0,1424.957727164115,2.788566980751693,276.0,45.0,0.0,231.0,312.9950405468802,0.0,45.0,0.0,0.0,57.0,54.0,91.0,29.0,0.0,0.0,0.0,36.99504054688023,77428,0,0,0,35,SALT LAKE
1541,351541,647.0,1896.3989652557248,2.9310648612916927,652.0,0.0,153.0,499.0,698.9937001541451,0.0,0.0,1.0,152.0,43.0,225.0,1.0,230.0,0.0,0.0,0.0,46.99370015414516,77428,1014,0,0,35,SALT LAKE
1542,351542,639.0,1841.456565327756,2.881778662484751,87.0,4.0,0.0,83.0,132.99383419341868,0.0,4.0,0.0,0.0,7.0,0.0,1.0,75.0,0.0,0.0,0.0,45.99383419341867,77428,0,0,0,35,SALT LAKE
1543,351543,214.0,602.5940637261183,2.8158601108697114,579.0,422.0,1.0,156.0,682.9912993792325,210.0,212.0,0.0,1.0,3.0,26.0,4.0,123.0,0.0,0.0,88.99330996833511,14.997989410897391,77428,346,148,0,35,SALT LAKE
1544,351544,180.0,481.18908324012097,2.6732726846673387,907.0,400.0,19.0,488.0,919.9982574894444,378.0,22.0,1.0,18.0,24.0,11.0,156.0,297.0,0.0,0.0,0.0,12.998257489444406,99159,0,0,0,35,SALT LAKE
1545,351545,1537.0,4141.94802037629,2.6948262982279045,1115.0,333.0,24.0,758.0,1414.9798700887015,41.0,292.0,1.0,23.0,418.0,13.0,36.0,291.0,2.008805031446541,0.0,186.98594341661422,110.9851216406407,99159,0,0,0,35,SALT LAKE
1546,351546,761.0,2139.20892622772,2.811049837355742,37.0,2.0,0.0,35.0,101.99187615100598,2.0,0.0,0.0,0.0,4.0,1.0,15.0,15.0,0.0,0.0,9.999248311048888,54.9926278399571,99159,0,0,0,35,SALT LAKE
1547,351547,598.0,1509.1436625376168,2.523651609594677,1647.0,1068.0,0.0,579.0,2440.9377844710107,724.0,344.0,0.0,0.0,260.0,12.0,97.0,210.0,0.0,0.0,750.9435481597715,42.99423631123919,99159,0,294,294,35,SALT LAKE
1548,351548,284.0,809.9573150671649,2.85196237699706,154.0,80.0,0.0,74.0,173.99731921452985,8.0,72.0,0.0,0.0,3.0,58.0,2.0,11.0,0.0,0.0,0.0,19.997319214529856,99159,0,0,0,35,SALT LAKE
1549,351549,357.0,988.0770309626791,2.767722775805824,0.0,0.0,0.0,0.0,98.9910276495457,0.0,0.0,0.0,0.0,0.0,0.0,0.0,0.0,0.0,0.0,72.99451267065689,25.99651497888881,99159,0,0,0,35,SALT LAKE
1550,351550,697.0,1869.813933032514,2.6826598752259887,262.0,15.0,2.0,245.0,311.99329803632463,15.0,0.0,0.0,2.0,9.0,71.0,139.0,26.0,0.0,0.0,0.0,49.99329803632464,72016,803,0,0,35,SALT LAKE
1551,351551,255.0,667.2843088025986,2.616801210990583,277.0,104.0,4.0,169.0,375.99149861257285,87.0,17.0,0.0,4.0,5.0,10.0,32.0,122.0,0.0,0.0,80.993911319496,17.99758729307687,119962,0,0,0,35,SALT LAKE
1552,351552,290.0,739.9500635460423,2.551551943262215,298.0,27.0,53.0,218.0,562.9788439648493,24.0,3.0,2.0,51.0,66.0,5.0,4.0,143.0,0.0,0.0,243.98165878959287,20.997185175256348,119962,143,64,59,35,SALT LAKE
1553,351553,1387.0,3439.217001942743,2.4796085089709754,1397.0,531.0,54.0,812.0,1565.9814094188866,381.0,150.0,5.0,49.0,93.0,130.0,188.0,401.0,0.0,0.0,68.99481334623734,99.98659607264928,66910,0,6,26,35,SALT LAKE
1554,351554,330.0,941.9963084424468,2.8545342680074146,479.0,15.0,227.0,237.0,542.9937763016313,7.0,8.0,1.0,226.0,20.0,112.0,67.0,38.0,0.0,0.0,39.99699324419555,23.996783057435827,66910,983,0,0,35,SALT LAKE
1555,351555,590.0,1613.711455948914,2.735104162625278,567.0,9.0,18.0,540.0,620.9934683237714,9.0,0.0,2.0,16.0,321.0,57.0,59.0,103.0,0.0,0.0,11.999097973258666,41.994370350512696,107406,0,0,0,35,SALT LAKE
1556,351556,295.0,786.9169538070487,2.6675150976510125,448.0,23.0,32.0,393.0,468.99718517525633,22.0,1.0,4.0,28.0,42.0,53.0,34.0,264.0,0.0,0.0,0.0,20.997185175256348,67943,651,0,0,35,SALT LAKE
1557,351557,436.0,1301.7804111965704,2.985734888065529,6473.0,762.0,171.0,5540.0,6584.642481050474,398.0,364.0,43.0,128.0,2966.0,690.0,308.0,1576.0,9.039622641509435,1.6122754491017963,69.99473817734221,30.99584478252128,101499,0,0,0,35,SALT LAKE
1558,351558,367.0,973.8983471103,2.653673970327793,0.0,0.0,0.0,0.0,25.99651497888881,0.0,0.0,0.0,0.0,0.0,0.0,0.0,0.0,0.0,0.0,0.0,25.99651497888881,103139,0,0,0,35,SALT LAKE
1559,351559,322.0,899.4602568853089,2.7933548350475434,0.0,0.0,0.0,0.0,25.005722128155874,0.0,0.0,0.0,0.0,0.0,0.0,0.0,0.0,2.008805031446541,0.0,0.0,22.996917096709332,103139,0,0,0,35,SALT LAKE
1560,351560,335.0,766.5350957692534,2.288164464982846,1020.0,82.0,188.0,750.0,1043.9967830574358,82.0,0.0,82.0,106.0,648.0,27.0,16.0,59.0,0.0,0.0,0.0,23.996783057435827,69269,0,0,0,35,SALT LAKE
1561,351561,1154.0,2818.0134156603767,2.441952699879009,1208.0,10.0,1130.0,68.0,1303.041704928978,6.0,4.0,1125.0,5.0,4.0,6.0,29.0,29.0,12.052830188679248,0.0,0.0,82.9888747402989,69269,0,0,0,35,SALT LAKE
1562,351562,1375.0,3436.558498720422,2.4993152717966707,1030.0,154.0,13.0,863.0,1128.9867301119227,104.0,50.0,12.0,1.0,193.0,220.0,12.0,438.0,0.0,0.0,0.0,98.98673011192278,69269,0,0,0,35,SALT LAKE
1563,351563,1253.0,3037.7830153722552,2.42440783349741,2787.0,806.0,49.0,1932.0,2881.0055465282776,759.0,47.0,42.0,7.0,460.0,7.0,26.0,1439.0,4.017610062893082,0.0,0.0,89.98793646538435,69269,0,0,0,35,SALT LAKE
1564,351564,2014.0,4841.134367846742,2.403740996944758,4173.0,1058.0,257.0,2858.0,4459.969890322235,981.0,77.0,125.0,132.0,1639.0,11.0,180.0,1028.0,0.0,0.0,141.9893260168942,144.98056430534146,69269,0,262,262,35,SALT LAKE
1565,351565,1331.0,4171.191555821822,3.1338779532846144,239.0,12.0,0.0,227.0,336.99593726118985,12.0,0.0,0.0,0.0,11.0,91.0,7.0,118.0,2.008805031446541,0.0,0.0,95.98713222974332,55559,956,0,0,35,SALT LAKE
1566,351566,407.0,1141.38405011653,2.80438341551973,1326.0,183.0,25.0,1118.0,1615.0034350560497,32.0,151.0,2.0,23.0,108.0,12.0,702.0,296.0,6.026415094339623,0.0,253.98090710064176,28.99611286106829,88226,0,0,0,35,SALT LAKE
1567,351567,397.0,1167.9690823397411,2.941987612946451,771.0,500.0,5.0,266.0,1013.9845044021329,287.0,213.0,2.0,3.0,12.0,18.0,93.0,143.0,1.0044025157232706,0.0,212.98398902534132,28.99611286106829,88226,0,0,0,35,SALT LAKE
1568,351568,258.0,796.6647989555594,3.0878480579672845,102.0,1.0,7.0,94.0,122.00185576952663,1.0,0.0,0.0,7.0,19.0,36.0,10.0,29.0,1.0044025157232706,0.0,0.0,18.997453253803364,88226,143,25,0,35,SALT LAKE
1569,351569,699.0,2219.850190638127,3.175751345691169,1440.0,439.0,44.0,957.0,1493.992997360744,391.0,48.0,32.0,12.0,29.0,486.0,28.0,414.0,0.0,0.0,3.9996993244195553,49.99329803632464,86868,0,0,2157,35,SALT LAKE
1570,351570,577.0,1595.9881011334398,2.7660105738881104,296.0,52.0,39.0,205.0,358.99279180371536,31.0,21.0,1.0,38.0,6.0,18.0,41.0,140.0,0.0,0.0,20.998421453202667,41.994370350512696,79958,0,0,0,35,SALT LAKE
1571,351571,825.0,2313.78397116014,2.80458663170926,844.0,376.0,28.0,440.0,1853.9206060636122,266.0,110.0,5.0,23.0,37.0,79.0,75.0,249.0,0.0,0.0,950.9285143807493,58.99209168286308,73504,616,0,0,35,SALT LAKE
1572,351572,952.0,2646.983041691052,2.780444371524214,102.0,25.0,8.0,69.0,221.98691767647733,24.0,1.0,1.0,7.0,17.0,2.0,3.0,47.0,0.0,0.0,50.99616638634933,68.990751290128,68528,0,0,0,35,SALT LAKE
1573,351573,794.0,2144.525932672362,2.700914272887106,229.0,140.0,0.0,89.0,412.99624636558616,131.0,9.0,0.0,0.0,27.0,0.0,9.0,53.0,3.013207547169812,0.0,123.99067905700622,56.99235976141009,73820,0,0,0,35,SALT LAKE
1574,351574,389.0,934.9069665162572,2.4033598110957763,259.0,34.0,105.0,120.0,298.0446745732978,34.0,0.0,2.0,103.0,30.0,12.0,6.0,72.0,11.048427672955976,0.0,0.0,27.9962469003418,119318,0,0,0,35,SALT LAKE
1575,351575,504.0,1332.79628212365,2.644437067705655,187.0,45.0,5.0,137.0,248.01568378686784,43.0,2.0,4.0,1.0,44.0,5.0,58.0,30.0,5.022012578616353,0.0,19.998496622097775,35.99517458615374,119318,0,0,0,35,SALT LAKE
1576,351576,469.0,1097.0756630778449,2.339180518289648,1219.0,309.0,3.0,907.0,1252.9954426647007,307.0,2.0,3.0,0.0,82.0,101.0,11.0,713.0,0.0,0.0,0.0,33.995442664700754,65228,0,0,0,35,SALT LAKE
1577,351577,545.0,1284.0570563810963,2.35606799335981,2814.0,184.0,1646.0,984.0,3331.967721936812,165.0,19.0,1278.0,368.0,246.0,98.0,0.0,640.0,2.008805031446541,0.0,476.96414443703196,38.99477246833322,65228,0,0,140,35,SALT LAKE
1578,351578,355.0,825.9083344010916,2.32650235042561,4256.0,659.0,517.0,3080.0,4525.978173768482,611.0,48.0,416.0,101.0,1337.0,466.0,15.0,1262.0,0.0,0.0,243.98165878959287,25.99651497888881,65228,0,0,0,35,SALT LAKE
1579,351579,295.0,833.8838440680549,2.826724895145949,1992.0,1811.0,46.0,135.0,2019.023600269596,1584.0,227.0,3.0,43.0,16.0,5.0,19.0,95.0,6.026415094339623,0.0,0.0,20.997185175256348,73557,0,0,0,35,SALT LAKE
1580,351580,273.0,803.754140881749,2.944154362204209,848.0,74.0,29.0,745.0,871.0105267616997,53.0,21.0,2.0,27.0,37.0,25.0,397.0,286.0,3.013207547169812,0.0,0.0,19.997319214529856,73557,0,0,0,35,SALT LAKE
1581,351581,726.0,1704.986733248605,2.348466574722597,660.0,489.0,15.0,156.0,773.0197884475044,449.0,40.0,2.0,13.0,4.0,4.0,71.0,77.0,7.030817610062893,0.0,53.995940879664,51.99302995777762,73557,0,0,0,35,SALT LAKE
1582,351582,936.0,2286.3127711961547,2.4426418495685414,3310.0,252.0,37.0,3021.0,3459.0744092116433,39.0,213.0,2.0,35.0,198.0,37.0,1927.0,859.0,20.088050314465413,0.0,61.99533952850311,66.99101936867501,79722,0,0,0,35,SALT LAKE
1583,351583,120.0,365.1011091987658,3.0425092433230483,3715.0,1232.0,76.0,2407.0,3907.9983956236933,994.0,238.0,4.0,72.0,90.0,518.0,1226.0,573.0,3.013207547169812,0.0,180.98639442998487,8.998793646538434,79722,829,0,0,35,SALT LAKE
1584,351584,226.0,735.5192248421738,3.254509844434397,702.0,12.0,97.0,593.0,727.0374780131334,12.0,0.0,3.0,94.0,319.0,114.0,104.0,56.0,9.039622641509435,0.0,0.0,15.997855371623883,79722,0,0,0,35,SALT LAKE
1585,351585,516.0,1661.564513950694,3.220086267346306,74.0,33.0,0.0,41.0,233.98579477278156,14.0,19.0,0.0,0.0,3.0,0.0,26.0,12.0,0.0,0.0,122.99075422590133,36.99504054688023,79722,0,0,0,35,SALT LAKE
1586,351586,368.0,1198.9849532668206,3.258111286051143,183.0,29.0,10.0,144.0,209.9963809396153,29.0,0.0,1.0,9.0,13.0,8.0,79.0,44.0,0.0,0.0,0.0,26.996380939615307,77774,0,0,0,35,SALT LAKE
1587,351587,365.0,1166.1967468581936,3.195059580433407,0.0,0.0,0.0,0.0,25.99651497888881,0.0,0.0,0.0,0.0,0.0,0.0,0.0,0.0,0.0,0.0,0.0,25.99651497888881,77774,100,43,43,35,SALT LAKE
1588,351588,188.0,583.9845411698706,3.106300750903567,158.0,1.0,0.0,157.0,171.9981234501709,1.0,0.0,0.0,0.0,9.0,136.0,10.0,2.0,0.0,0.0,0.0,13.9981234501709,77774,0,0,0,35,SALT LAKE
1589,351589,326.0,947.313314887089,2.905869064070825,248.0,13.0,12.0,223.0,302.99451169206577,13.0,0.0,1.0,11.0,6.0,146.0,8.0,63.0,0.0,0.0,31.997594595356443,22.996917096709332,67233,822,1089,0,35,SALT LAKE
1590,351590,730.0,1979.6987328884532,2.7119160724499363,832.0,233.0,56.0,543.0,940.988686460378,144.0,89.0,2.0,54.0,23.0,183.0,83.0,254.0,0.0,0.0,55.995790541873774,52.99289591850412,29419,0,0,0,35,SALT LAKE
1591,351591,744.0,2096.672874670582,2.8181087025142237,27.0,0.0,0.0,27.0,80.99276187923061,0.0,0.0,0.0,0.0,0.0,20.0,0.0,7.0,0.0,0.0,0.0,53.99276187923061,67964,770,0,0,35,SALT LAKE
1592,351592,790.0,2104.6483843375454,2.6641118789082854,148.0,75.0,29.0,44.0,246.99368035243378,53.0,22.0,0.0,29.0,8.0,5.0,7.0,24.0,1.0044025157232706,0.0,40.99691807530044,56.99235976141009,64841,0,0,0,35,SALT LAKE
1593,351593,428.0,1106.8235082263557,2.5860362341737284,580.0,187.0,26.0,367.0,703.9933317598944,182.0,5.0,1.0,25.0,29.0,8.0,91.0,239.0,1.0044025157232706,0.0,91.99308446164977,30.99584478252128,57704,59,18,0,35,SALT LAKE
1594,351594,339.0,778.0552763993117,2.295148307962571,109.0,6.0,0.0,103.0,132.99678305743583,6.0,0.0,0.0,0.0,26.0,1.0,55.0,21.0,0.0,0.0,0.0,23.996783057435827,57704,0,0,0,35,SALT LAKE
1595,351595,293.0,799.3233021778805,2.7280658777402063,130.0,0.0,0.0,130.0,208.99730306395827,0.0,0.0,0.0,0.0,6.0,2.0,107.0,15.0,1.0044025157232706,0.0,56.995715372978665,20.997185175256348,57999,0,0,0,35,SALT LAKE
1596,351596,357.0,959.7196632579208,2.688290373271487,6.0,0.0,4.0,2.0,43.044942651844785,0.0,0.0,0.0,4.0,1.0,0.0,1.0,0.0,11.048427672955976,0.0,0.0,25.99651497888881,58474,0,0,0,35,SALT LAKE
1597,351597,151.0,304.84170282615395,2.0188192240142646,1757.0,873.0,14.0,870.0,1805.0002220034908,843.0,30.0,6.0,8.0,348.0,352.0,4.0,166.0,1.0044025157232706,0.0,35.997293919776,10.998525567991422,65228,0,0,0,35,SALT LAKE
1598,351598,2101.0,4961.653180591966,2.361567434836728,2457.0,289.0,565.0,1603.0,2753.9911738341057,231.0,58.0,245.0,320.0,385.0,286.0,62.0,870.0,5.022012578616353,0.0,140.98940118578932,150.9797600697004,65228,1357,220,0,35,SALT LAKE
1599,351599,731.0,1495.8511464260114,2.046307997846801,1384.0,603.0,5.0,776.0,1440.0061034656737,595.0,8.0,3.0,2.0,195.0,388.0,4.0,189.0,3.013207547169812,0.0,0.0,52.99289591850412,65228,0,0,0,35,SALT LAKE
1600,351600,1756.0,4074.599272077488,2.3203868292013032,7164.0,1860.0,399.0,4905.0,7422.000054865093,1856.0,4.0,388.0,11.0,1384.0,751.0,145.0,2625.0,6.026415094339623,0.0,125.99052871921599,125.98311105153807,65228,0,0,0,35,SALT LAKE
1601,351601,1069.0,2516.7163837973176,2.354271640596181,897.0,168.0,31.0,698.0,977.9893783003595,156.0,12.0,10.0,21.0,490.0,18.0,15.0,175.0,0.0,0.0,3.9996993244195553,76.98967897593995,119318,0,0,0,35,SALT LAKE
1602,351602,0.0,0.0,0.0,0.0,0.0,0.0,0.0,0.0,0.0,0.0,0.0,0.0,0.0,0.0,0.0,0.0,0.0,0.0,0.0,0.0,119318,0,0,12,35,SALT LAKE
1603,351603,223.0,518.4081283526165,2.324700127141778,0.0,0.0,0.0,0.0,17.002257887347152,0.0,0.0,0.0,0.0,0.0,0.0,0.0,0.0,1.0044025157232706,0.0,0.0,15.997855371623883,65228,0,0,0,35,SALT LAKE
1604,351604,8355.0,21873.278345517323,2.617986636207938,27252.0,135.0,2791.0,24326.0,28568.87004028196,66.0,69.0,480.0,2311.0,11437.0,6070.0,720.0,6099.0,1.0044025157232706,0.0,713.9463294088906,601.9193083573487,119318,0,0,0,35,SALT LAKE
1605,351605,169.0,475.87207679547873,2.8158111052986907,118.0,59.0,0.0,59.0,479.16469802291454,55.0,4.0,0.0,0.0,3.0,26.0,11.0,19.0,43.18930817610063,0.0,305.976998318096,11.998391528717914,85557,0,0,0,35,SALT LAKE
1606,351606,1485.0,4581.487219800047,3.0851765789899304,1456.0,30.0,313.0,1113.0,1562.9856577977348,28.0,2.0,1.0,312.0,16.0,38.0,90.0,969.0,0.0,0.0,0.0,106.98565779773472,85557,0,0,0,35,SALT LAKE
1607,351607,800.0,2331.5073259756136,2.914384157469517,492.0,73.0,6.0,413.0,572.0890810680486,28.0,45.0,2.0,4.0,18.0,1.0,246.0,148.0,22.09685534591195,0.0,0.0,57.99222572213658,85557,0,0,0,35,SALT LAKE
1608,351608,1860.0,5206.235477045508,2.7990513317448964,1585.0,184.0,28.0,1373.0,1920.9668546205376,110.0,74.0,24.0,4.0,36.0,23.0,954.0,360.0,0.0,0.0,201.98481588318754,133.98203873735002,85557,0,0,0,35,SALT LAKE
1609,351609,165.0,489.1645929070843,2.9646338964065717,282.0,98.0,0.0,184.0,340.0262775518715,6.0,92.0,0.0,0.0,1.0,77.0,60.0,46.0,7.030817610062893,0.0,38.997068413090666,11.998391528717914,79722,0,986,0,35,SALT LAKE
1610,351610,173.0,576.0090315029072,3.329531974005244,0.0,0.0,0.0,0.0,18.024806623057536,0.0,0.0,0.0,0.0,0.0,0.0,0.0,0.0,6.026415094339623,0.0,0.0,11.998391528717914,103520,0,0,0,35,SALT LAKE
1611,351611,83.0,227.7451093788418,2.743916980467973,0.0,0.0,0.0,0.0,21.065233500208016,0.0,0.0,0.0,0.0,0.0,0.0,0.0,0.0,15.066037735849058,0.0,0.0,5.999195764358957,103520,0,0,0,35,SALT LAKE
1612,351612,141.0,462.5795606838732,3.2807061041409447,0.0,0.0,0.0,0.0,16.025074701604552,0.0,0.0,0.0,0.0,0.0,0.0,0.0,0.0,6.026415094339623,0.0,0.0,9.998659607264928,103520,0,0,0,35,SALT LAKE
1613,351613,71.0,202.9324126371781,2.858202994889832,127.0,1.0,60.0,66.0,135.01253735080226,1.0,0.0,0.0,60.0,1.0,40.0,20.0,5.0,3.013207547169812,0.0,0.0,4.999329803632464,103520,371,159,0,35,SALT LAKE
1614,351614,110.0,340.28841245710214,3.093531022337292,248.0,1.0,2.0,245.0,370.0127468548612,1.0,0.0,1.0,1.0,3.0,184.0,15.0,43.0,5.022012578616353,0.0,108.99180659043289,7.9989276858119425,103520,914,0,0,35,SALT LAKE
1615,351615,202.0,622.9759217639134,3.084039216653037,406.0,223.0,2.0,181.0,422.00239192662065,223.0,0.0,0.0,2.0,34.0,19.0,43.0,85.0,1.0044025157232706,0.0,0.0,14.997989410897391,65351,0,0,0,35,SALT LAKE
1616,351616,780.0,2342.141338864898,3.0027453062370486,239.0,27.0,71.0,141.0,339.0070971077722,24.0,3.0,1.0,70.0,22.0,9.0,40.0,70.0,4.017610062893082,0.0,39.99699324419555,55.9924938006836,65351,0,0,0,35,SALT LAKE
1617,351617,173.0,560.0580121689806,3.237329550109714,0.0,0.0,0.0,0.0,16.016001591610994,0.0,0.0,0.0,0.0,0.0,0.0,0.0,0.0,4.017610062893082,0.0,0.0,11.998391528717914,86350,0,0,0,35,SALT LAKE
1618,351618,169.0,531.700644464222,3.1461576595516094,0.0,0.0,0.0,0.0,14.007196560164456,0.0,0.0,0.0,0.0,0.0,0.0,0.0,0.0,2.008805031446541,0.0,0.0,11.998391528717914,86350,0,0,0,35,SALT LAKE
1619,351619,161.0,530.8144767234484,3.2969843274748345,0.0,0.0,0.0,0.0,21.46070087229491,0.0,0.0,0.0,0.0,0.0,0.0,0.0,0.0,3.013207547169812,6.449101796407185,0.0,11.998391528717914,86350,0,0,0,35,SALT LAKE
1620,351620,97.0,304.84170282615395,3.1426979672799376,29.0,12.0,3.0,14.0,37.00346424080872,12.0,0.0,0.0,3.0,4.0,0.0,3.0,7.0,1.0044025157232706,0.0,0.0,6.99906172508545,65351,0,0,0,35,SALT LAKE
1621,351621,125.0,350.92242534638655,2.8073794027710925,42.0,18.0,1.0,23.0,174.99395038816306,18.0,0.0,0.0,1.0,6.0,0.0,8.0,9.0,1.0044025157232706,0.0,122.99075422590133,8.998793646538434,65351,0,0,0,35,SALT LAKE
1622,351622,232.0,732.8607216198527,3.1588824207752277,57.0,5.0,46.0,6.0,77.0109288795202,0.0,5.0,0.0,46.0,1.0,1.0,0.0,4.0,3.013207547169812,0.0,0.0,16.997721332350377,65351,0,0,0,35,SALT LAKE
1623,351623,21.0,56.71473540951702,2.700701686167477,0.0,0.0,0.0,0.0,1.9997319214529856,0.0,0.0,0.0,0.0,0.0,0.0,0.0,0.0,0.0,0.0,0.0,1.9997319214529856,65351,0,0,0,35,SALT LAKE
1624,351624,2238.0,5901.877153552865,2.6371211588708063,3794.0,587.0,987.0,2220.0,5225.332507989952,470.0,117.0,391.0,596.0,789.0,206.0,9.0,1216.0,0.0,6.449101796407185,1263.9049865165796,160.97841967696533,65351,0,0,0,35,SALT LAKE
1625,351625,2254.0,6573.592301059332,2.916411846077787,893.0,516.0,12.0,365.0,1054.978285637692,410.0,106.0,9.0,3.0,43.0,206.0,31.0,85.0,0.0,0.0,0.0,161.97828563769184,65351,628,180,0,35,SALT LAKE
1626,351626,426.0,1319.5037660120445,3.097426680779447,97.0,15.0,0.0,82.0,345.979457963387,9.0,6.0,0.0,0.0,0.0,3.0,64.0,15.0,0.0,0.0,217.98361318086577,30.99584478252128,85557,0,0,0,35,SALT LAKE
1627,351627,671.0,1757.2706299542538,2.6188832041047,1294.0,394.0,6.0,894.0,1341.9935661148716,379.0,15.0,1.0,5.0,255.0,17.0,56.0,566.0,0.0,0.0,0.0,47.993566114871655,85557,0,0,0,35,SALT LAKE
1628,351628,48.0,121.40498048599736,2.529270426791612,523.0,277.0,3.0,243.0,1277.9430708730558,277.0,0.0,0.0,3.0,56.0,2.0,4.0,181.0,0.0,0.0,751.9434729908764,2.9995978821794784,85557,0,0,0,35,SALT LAKE
1629,351629,2328.0,5548.296224984157,2.3832887564364933,393.0,170.0,6.0,217.0,560.9774814020508,169.0,1.0,0.0,6.0,7.0,177.0,5.0,28.0,0.0,0.0,0.0,167.97748140205078,85557,0,0,0,35,SALT LAKE
1630,351630,996.0,2293.4021131223444,2.302612563375848,296.0,2.0,0.0,294.0,619.9848396645946,2.0,0.0,0.0,0.0,36.0,13.0,235.0,10.0,3.013207547169812,0.0,248.98128294511733,71.99034917230748,65351,0,0,0,35,SALT LAKE
1631,351631,4216.0,9437.686439239942,2.238540426764692,17430.0,1786.0,1442.0,14202.0,18120.905359845285,1501.0,285.0,618.0,824.0,9542.0,367.0,869.0,3424.0,0.0,386.9461077844311,0.0,303.9592520608538,65351,0,0,0,35,SALT LAKE
1632,351632,81.0,185.209057821704,2.2865315780457287,524.0,49.0,329.0,146.0,529.999195764359,49.0,0.0,249.0,80.0,56.0,22.0,0.0,68.0,0.0,0.0,0.0,5.999195764358957,35876,0,0,0,35,SALT LAKE
1633,351633,253.0,564.4888508728491,2.231181228746439,715.0,177.0,34.0,504.0,1304.954590685073,162.0,15.0,23.0,11.0,52.0,21.0,34.0,397.0,0.0,0.0,571.9570033919964,17.99758729307687,35876,0,0,0,35,SALT LAKE
1634,351634,1.0,1.0,1.0,1064.0,84.0,458.0,522.0,1064.0,32.0,52.0,306.0,152.0,127.0,56.0,0.0,339.0,0.0,0.0,0.0,0.0,35479,0,0,0,35,SALT LAKE
1635,351635,951.0,1888.423455588762,1.9857239280638928,1506.0,325.0,235.0,946.0,1584.9900584715551,291.0,34.0,133.0,102.0,385.0,58.0,56.0,447.0,0.0,0.0,10.999173142153778,67.99088532940151,35479,0,0,0,35,SALT LAKE
1636,351636,1103.0,2405.945416200605,2.181274176065825,1586.0,106.0,81.0,1399.0,1709.9860282971129,43.0,63.0,27.0,54.0,327.0,38.0,40.0,994.0,0.0,0.0,44.996617399719995,78.98941089739293,37996,17,7,7,35,SALT LAKE
1637,351637,813.0,1710.3037396932475,2.1036946367690623,1371.0,217.0,80.0,1074.0,1487.9877318869467,150.0,67.0,76.0,4.0,155.0,132.0,170.0,617.0,0.0,0.0,57.99564020408355,58.99209168286308,37996,0,0,0,35,SALT LAKE
1638,351638,676.0,1663.3368494322413,2.4605574695743213,1358.0,312.0,124.0,922.0,1427.9918535288007,248.0,64.0,14.0,110.0,122.0,131.0,87.0,582.0,0.0,0.0,20.998421453202667,48.99343207559815,48010,555,0,0,35,SALT LAKE
1639,351639,1049.0,2545.073751502076,2.4261904208790046,325.0,56.0,14.0,255.0,400.9898130152135,44.0,12.0,3.0,11.0,35.0,27.0,7.0,186.0,0.0,0.0,0.0,75.98981301521346,56009,0,0,0,35,SALT LAKE
1640,351640,415.0,1011.1173922227956,2.4364274511392665,390.0,57.0,15.0,318.0,431.9950767950534,50.0,7.0,5.0,10.0,18.0,9.0,144.0,147.0,0.0,0.0,11.999097973258666,29.995978821794782,45835,0,0,0,35,SALT LAKE
1641,351641,588.0,1339.8856240498396,2.278717047703809,257.0,48.0,15.0,194.0,298.99437035051267,48.0,0.0,2.0,13.0,54.0,2.0,17.0,121.0,0.0,0.0,0.0,41.994370350512696,52019,0,0,0,35,SALT LAKE
1642,351642,302.0,756.7872506207427,2.505918048413055,325.0,58.0,38.0,229.0,346.9970511359828,43.0,15.0,8.0,30.0,9.0,47.0,5.0,168.0,0.0,0.0,0.0,21.997051135982844,49461,0,0,0,35,SALT LAKE
1643,351643,713.0,1679.287868766168,2.3552424526874725,57.0,1.0,12.0,44.0,107.99316399705114,1.0,0.0,0.0,12.0,22.0,2.0,4.0,16.0,0.0,0.0,0.0,50.993163997051134,51884,477,0,0,35,SALT LAKE
1644,351644,590.0,1220.2529790453896,2.0682253882125248,644.0,240.0,2.0,402.0,1304.947840804439,86.0,154.0,0.0,2.0,94.0,6.0,118.0,184.0,0.0,0.0,618.9534704539262,41.994370350512696,65120,0,0,0,35,SALT LAKE
1645,351645,669.0,1449.770423905779,2.167070887751538,334.0,153.0,1.0,180.0,843.9588380853303,43.0,110.0,0.0,1.0,22.0,2.0,51.0,105.0,0.0,0.0,461.9652719704586,47.993566114871655,39153,0,0,0,35,SALT LAKE
1646,351646,347.0,723.9990442121157,2.0864525769801605,3730.0,204.0,19.0,3507.0,3754.9966490181623,51.0,153.0,7.0,12.0,1167.0,127.0,1562.0,651.0,0.0,0.0,0.0,24.99664901816232,36926,0,911,1367,35,SALT LAKE
1647,351647,264.0,568.9196895767176,2.1549988241542333,4477.0,1143.0,12.0,3322.0,4673.984073190474,804.0,339.0,12.0,0.0,1182.0,41.0,129.0,1970.0,0.0,0.0,177.98661993667022,18.997453253803364,43880,0,0,0,35,SALT LAKE
1648,351648,1519.0,3209.6995570823537,2.113034599790885,1747.0,370.0,11.0,1366.0,2346.948481791688,278.0,92.0,4.0,7.0,285.0,121.0,245.0,715.0,0.0,0.0,490.96309207250044,108.98538971918772,55701,54,23,23,35,SALT LAKE
1649,351649,791.0,1785.6279976590124,2.2574310969140488,934.0,411.0,6.0,517.0,991.9922845925149,411.0,0.0,1.0,5.0,218.0,79.0,104.0,116.0,0.0,0.0,0.9999248311048888,56.99235976141009,51799,0,0,0,35,SALT LAKE
1650,351650,343.0,813.5019860302598,2.37172590679376,534.0,70.0,67.0,397.0,558.9966490181623,67.0,3.0,10.0,57.0,105.0,44.0,79.0,169.0,0.0,0.0,0.0,24.99664901816232,58656,0,0,0,35,SALT LAKE
1651,351651,512.0,1230.886991934674,2.4040761561224104,518.0,190.0,33.0,295.0,554.9950405468802,120.0,70.0,1.0,32.0,26.0,0.0,142.0,127.0,0.0,0.0,0.0,36.99504054688023,56869,0,0,0,35,SALT LAKE
1652,351652,1327.0,2953.597079998753,2.2257702185371167,2592.0,1127.0,112.0,1353.0,2736.9834489538825,890.0,237.0,105.0,7.0,139.0,294.0,119.0,801.0,0.0,0.0,48.996316724139554,95.98713222974332,59531,0,0,0,35,SALT LAKE
1653,351653,535.0,1294.6910692703807,2.4199833070474406,969.0,248.0,9.0,712.0,1271.9749278800239,172.0,76.0,3.0,6.0,127.0,79.0,338.0,168.0,0.0,0.0,263.98015541169065,38.99477246833322,68927,666,0,0,35,SALT LAKE
1654,351654,132.0,283.5736770475851,2.148285432178674,30.0,0.0,4.0,26.0,45.02067218588128,0.0,0.0,0.0,4.0,9.0,3.0,9.0,5.0,5.022012578616353,0.0,0.0,9.998659607264928,60705,0,0,0,35,SALT LAKE
1655,351655,1073.0,2335.9381646794823,2.177015996905389,1227.0,155.0,104.0,968.0,1303.98967897594,137.0,18.0,25.0,79.0,32.0,139.0,169.0,628.0,0.0,0.0,0.0,76.98967897593995,50859,324,0,0,35,SALT LAKE
1656,351656,800.0,1698.7835590631894,2.1234794488289865,783.0,180.0,8.0,595.0,1868.9149520979622,107.0,73.0,3.0,5.0,101.0,46.0,277.0,171.0,0.0,0.0,1027.9227263758257,57.99222572213658,81118,0,0,0,35,SALT LAKE
1657,351657,200.0,397.0031478666192,1.985015739333096,8660.0,272.0,91.0,8297.0,10833.83575863673,179.0,93.0,2.0,89.0,3311.0,525.0,566.0,3895.0,0.0,0.0,2159.83763518656,13.9981234501709,133248,0,0,0,35,SALT LAKE
1658,351658,438.0,997.82487611119,2.2781389865552284,4580.0,2266.0,3.0,2311.0,6037.888519898819,2030.0,236.0,3.0,0.0,722.0,168.0,70.0,1351.0,0.0,0.0,1425.8928091555715,31.99571074324777,133248,169,53,49,35,SALT LAKE
1659,351659,6799.0,14804.31827736549,2.1774258387064997,250.0,1.0,163.0,86.0,739.9343207559815,1.0,0.0,4.0,159.0,1.0,6.0,9.0,70.0,0.0,0.0,0.0,489.9343207559815,132290,0,0,0,35,SALT LAKE
1660,351660,762.0,1829.050216956924,2.4003283687098738,660.0,99.0,14.0,547.0,836.9834572347536,67.0,32.0,2.0,12.0,55.0,30.0,92.0,370.0,0.0,0.0,121.99082939479644,54.9926278399571,57577,0,0,0,35,SALT LAKE
1661,351661,666.0,1619.91463013433,2.432304249450946,1860.0,283.0,301.0,1276.0,1907.9935661148716,245.0,38.0,12.0,289.0,55.0,771.0,96.0,354.0,0.0,0.0,0.0,47.993566114871655,78909,549,925,0,35,SALT LAKE
1662,351662,799.0,1731.5717654718164,2.1671736739321856,391.0,0.0,3.0,388.0,448.9922257221366,0.0,0.0,1.0,2.0,45.0,19.0,101.0,223.0,0.0,0.0,0.0,57.99222572213658,44559,9,818,1227,35,SALT LAKE
1663,351663,403.0,934.0207987754834,2.317669475869686,78.0,1.0,0.0,77.0,106.9961128610683,1.0,0.0,0.0,0.0,19.0,0.0,15.0,43.0,0.0,0.0,0.0,28.99611286106829,138958,0,0,0,35,SALT LAKE
1664,351664,775.0,1965.5200490360744,2.536154901982031,14.0,0.0,0.0,14.0,69.9924938006836,0.0,0.0,0.0,0.0,7.0,0.0,0.0,7.0,0.0,0.0,0.0,55.9924938006836,64147,0,0,0,35,SALT LAKE
1665,351665,492.0,1278.740049936454,2.599065142147264,7.0,1.0,0.0,6.0,41.99530862542725,1.0,0.0,0.0,0.0,2.0,0.0,1.0,3.0,0.0,0.0,0.0,34.99530862542725,82247,0,0,0,35,SALT LAKE
1666,351666,1107.0,2864.980305921383,2.588058090263219,368.0,172.0,0.0,196.0,447.9892768581194,34.0,138.0,0.0,0.0,40.0,19.0,25.0,112.0,0.0,0.0,0.0,79.98927685811942,93586,5,0,0,35,SALT LAKE
1667,351667,841.0,2008.056100593212,2.387700476329622,41.0,3.0,0.0,38.0,101.99182360431607,3.0,0.0,0.0,0.0,13.0,1.0,7.0,17.0,0.0,0.0,0.0,60.99182360431606,94541,0,0,0,35,SALT LAKE
1668,351668,388.0,903.0049278484038,2.327332288269082,82.0,65.0,0.0,17.0,109.9962469003418,0.0,65.0,0.0,0.0,1.0,2.0,10.0,4.0,0.0,0.0,0.0,27.9962469003418,87793,0,0,0,35,SALT LAKE
1669,351669,286.0,725.7713796936631,2.53766216676106,1123.0,20.0,202.0,901.0,1177.9946294328226,19.0,1.0,3.0,199.0,27.0,304.0,12.0,558.0,0.0,0.0,33.99744425756622,20.997185175256348,68779,709,0,0,35,SALT LAKE
1670,351670,283.0,726.6575474344368,2.5676945139026035,337.0,104.0,90.0,143.0,356.99731921452985,83.0,21.0,2.0,88.0,35.0,3.0,10.0,95.0,0.0,0.0,0.0,19.997319214529856,68779,0,0,0,35,SALT LAKE
1671,351671,569.0,1471.0384496843476,2.585304832485672,52.0,3.0,29.0,20.0,121.99232449182799,2.0,1.0,0.0,29.0,0.0,0.0,0.0,20.0,0.0,0.0,28.997820102041775,40.99450438978621,35822,0,0,0,35,SALT LAKE
1672,351672,284.0,731.974553879079,2.577375189715067,352.0,91.0,65.0,196.0,371.99731921452985,77.0,14.0,9.0,56.0,29.0,13.0,0.0,154.0,0.0,0.0,0.0,19.997319214529856,44265,0,0,0,35,SALT LAKE
1673,351673,1380.0,3452.5095180543485,2.5018184913437307,861.0,56.0,84.0,721.0,969.9859784229716,30.0,26.0,8.0,76.0,51.0,11.0,26.0,633.0,0.0,0.0,9.999248311048888,98.98673011192278,34823,0,0,0,35,SALT LAKE
1674,351674,1085.0,2747.1199963984805,2.5319078307820098,407.0,78.0,2.0,327.0,499.9884174032398,29.0,49.0,0.0,2.0,21.0,54.0,7.0,245.0,0.0,0.0,14.998872466573333,77.98954493666643,34152,463,0,0,35,SALT LAKE
1675,351675,1010.0,2229.598035786638,2.2075228077095423,169.0,25.0,36.0,108.0,241.99021513303398,16.0,9.0,1.0,35.0,9.0,45.0,10.0,44.0,0.0,0.0,0.0,72.99021513303397,37891,0,910,0,35,SALT LAKE
1676,351676,806.0,1768.790810584312,2.194529541667881,582.0,46.0,245.0,291.0,654.9910981887099,42.0,4.0,59.0,186.0,32.0,7.0,1.0,251.0,0.0,0.0,14.998872466573333,57.99222572213658,52085,0,0,0,35,SALT LAKE
1677,351677,628.0,1486.1033012775006,2.366406530696657,100.0,8.0,3.0,89.0,144.99396823269217,8.0,0.0,0.0,3.0,1.0,3.0,76.0,9.0,0.0,0.0,0.0,44.993968232692175,52085,0,0,0,35,SALT LAKE
1678,351678,437.0,997.82487611119,2.2833521192475743,452.0,27.0,71.0,354.0,482.99584478252126,23.0,4.0,10.0,61.0,93.0,13.0,30.0,218.0,0.0,0.0,0.0,30.99584478252128,69252,0,0,0,35,SALT LAKE
1679,351679,654.0,1704.1005655078316,2.605658357045614,267.0,33.0,6.0,228.0,313.99370015414513,31.0,2.0,3.0,3.0,24.0,41.0,71.0,92.0,0.0,0.0,0.0,46.99370015414516,70058,0,0,0,35,SALT LAKE
1680,351680,828.0,2108.1930553006405,2.546126878382416,1831.0,249.0,1.0,1581.0,1942.9880488610438,116.0,133.0,1.0,0.0,221.0,142.0,204.0,1014.0,0.0,0.0,51.99609121745422,59.99195764358957,52826,0,0,0,35,SALT LAKE
1681,351681,524.0,1370.9014949769191,2.616224227055189,67.0,9.0,1.0,57.0,104.99490650760673,6.0,3.0,0.0,1.0,4.0,18.0,24.0,11.0,0.0,0.0,0.0,37.99490650760673,55031,461,0,0,35,SALT LAKE
1682,351682,511.0,1345.2026304944818,2.632490470634994,283.0,66.0,0.0,217.0,319.9950405468802,22.0,44.0,0.0,0.0,58.0,12.0,43.0,104.0,0.0,0.0,0.0,36.99504054688023,66866,0,0,0,35,SALT LAKE
1683,351683,821.0,1869.813933032514,2.2774834750700537,712.0,120.0,9.0,583.0,1143.968531369605,2.0,118.0,0.0,9.0,123.0,54.0,213.0,193.0,1.0044025157232706,0.0,371.97203717101866,58.99209168286308,93107,0,0,0,35,SALT LAKE
1684,351684,648.0,1538.3871979831492,2.3740543178752302,0.0,0.0,0.0,0.0,46.99370015414516,0.0,0.0,0.0,0.0,0.0,0.0,0.0,0.0,0.0,0.0,0.0,46.99370015414516,75471,0,0,0,35,SALT LAKE
1685,351685,390.0,1041.2470954091016,2.6698643472028247,167.0,0.0,1.0,166.0,194.9962469003418,0.0,0.0,0.0,1.0,50.0,43.0,39.0,34.0,0.0,0.0,0.0,27.9962469003418,116319,392,0,0,35,SALT LAKE
1686,351686,693.0,1836.1395588831133,2.649552033020366,4.0,0.0,0.0,4.0,53.99329803632464,0.0,0.0,0.0,0.0,0.0,4.0,0.0,0.0,0.0,0.0,0.0,49.99329803632464,65478,548,0,0,35,SALT LAKE
1687,351687,253.0,681.4629926549779,2.693529615237067,142.0,0.0,0.0,142.0,159.99758729307686,0.0,0.0,0.0,0.0,43.0,1.0,80.0,18.0,0.0,0.0,0.0,17.99758729307687,91372,0,0,0,35,SALT LAKE
1688,351688,1382.0,3873.4391949218575,2.802777999219868,844.0,252.0,36.0,556.0,943.9865960726493,189.0,63.0,11.0,25.0,18.0,95.0,181.0,262.0,0.0,0.0,0.0,99.98659607264928,86125,450,0,0,35,SALT LAKE
1689,351689,1687.0,4109.159813967663,2.435779379945265,502.0,206.0,35.0,261.0,622.9837812479057,163.0,43.0,1.0,34.0,27.0,60.0,53.0,121.0,0.0,0.0,0.0,120.98378124790564,99508,439,0,0,35,SALT LAKE
1690,351690,297.0,742.6085667683635,2.5003655446746245,250.0,71.0,3.0,176.0,293.99545629066876,65.0,6.0,0.0,3.0,36.0,2.0,8.0,130.0,0.0,0.0,22.998271115412443,20.997185175256348,33370,0,0,0,35,SALT LAKE
1691,351691,316.0,794.892463474012,2.515482479348139,65.0,11.0,22.0,32.0,87.99691709670932,11.0,0.0,15.0,7.0,6.0,0.0,6.0,20.0,0.0,0.0,0.0,22.996917096709332,33370,11,0,0,35,SALT LAKE
1692,351692,367.0,943.768643923994,2.571576686441401,108.0,14.0,12.0,82.0,133.9965149788888,13.0,1.0,1.0,11.0,18.0,3.0,3.0,58.0,0.0,0.0,0.0,25.99651497888881,73770,0,0,0,35,SALT LAKE
1693,351693,522.0,1313.3005918266283,2.51590151690925,658.0,62.0,13.0,583.0,711.993703805285,44.0,18.0,2.0,11.0,76.0,80.0,78.0,349.0,0.0,0.0,15.998797297678221,37.99490650760673,56141,541,0,0,35,SALT LAKE
1694,351694,1017.0,2440.505958090779,2.399710873245604,684.0,69.0,28.0,587.0,756.990215133034,68.0,1.0,27.0,1.0,166.0,44.0,68.0,309.0,0.0,0.0,0.0,72.99021513303397,43582,0,0,0,35,SALT LAKE
1695,351695,262.0,622.9759217639134,2.377770693755395,120.0,1.0,9.0,110.0,138.99745325380337,1.0,0.0,0.0,9.0,36.0,5.0,3.0,66.0,0.0,0.0,0.0,18.997453253803364,66222,0,0,0,35,SALT LAKE
1696,351696,733.0,1762.5876363988962,2.404621604909817,1720.0,892.0,2.0,826.0,1772.992895918504,768.0,124.0,2.0,0.0,8.0,360.0,3.0,455.0,0.0,0.0,0.0,52.99289591850412,66222,0,0,0,35,SALT LAKE
1697,351697,526.0,1500.2819851298798,2.8522471200187827,84.0,0.0,0.0,84.0,121.99490650760673,0.0,0.0,0.0,0.0,10.0,36.0,5.0,33.0,0.0,0.0,0.0,37.99490650760673,81535,597,0,0,35,SALT LAKE
1698,351698,357.0,1028.8407470382697,2.8819068544489346,0.0,0.0,0.0,0.0,25.99651497888881,0.0,0.0,0.0,0.0,0.0,0.0,0.0,0.0,0.0,0.0,0.0,25.99651497888881,78872,0,0,0,35,SALT LAKE
1699,351699,409.0,1226.4561532308055,2.998670301297813,780.0,58.0,1.0,721.0,848.9931061052638,45.0,13.0,1.0,0.0,122.0,55.0,78.0,466.0,0.0,0.0,39.99699324419555,28.99611286106829,71455,10,0,0,35,SALT LAKE
1700,351700,453.0,1350.519636939124,2.9812795517419954,0.0,0.0,0.0,0.0,32.995576703974265,0.0,0.0,0.0,0.0,0.0,0.0,0.0,0.0,0.0,0.0,0.0,32.995576703974265,79025,0,0,0,35,SALT LAKE
1701,351701,1400.0,3819.3829627346618,2.7281306876676155,788.0,245.0,47.0,496.0,1510.9397069806166,194.0,51.0,1.0,46.0,27.0,107.0,85.0,277.0,0.0,0.0,621.9532449472408,100.98646203337576,77211,512,0,0,35,SALT LAKE
1702,351702,771.0,2050.5921521503496,2.6596525968227622,419.0,3.0,21.0,395.0,474.9924938006836,3.0,0.0,1.0,20.0,19.0,211.0,3.0,162.0,0.0,0.0,0.0,55.9924938006836,120022,0,909,0,35,SALT LAKE
1703,351703,2238.0,5531.459037909457,2.471608149199936,2609.0,363.0,40.0,2206.0,2769.978419676965,186.0,177.0,7.0,33.0,631.0,4.0,268.0,1303.0,0.0,0.0,0.0,160.97841967696533,31449,0,0,0,35,SALT LAKE
1704,351704,1383.0,3334.6492085314458,2.4111707943105176,1530.0,154.0,90.0,1286.0,1654.9847168502715,87.0,67.0,60.0,30.0,539.0,60.0,49.0,638.0,0.0,0.0,24.99812077762222,99.98659607264928,31449,0,0,0,35,SALT LAKE
1705,351705,1183.0,2778.1358673255604,2.348381967308166,7619.0,320.0,97.0,7202.0,8557.924412425327,250.0,70.0,30.0,67.0,3255.0,1297.0,720.0,1930.0,0.0,0.0,853.9358057635751,84.98860666175189,31449,0,0,0,35,SALT LAKE
1706,351706,489.0,1231.7731596754477,2.5189635167187068,6429.0,192.0,19.0,6218.0,7133.944945465702,25.0,167.0,7.0,12.0,2501.0,611.0,742.0,2364.0,0.0,0.0,669.9496368402755,34.99530862542725,58615,0,0,0,35,SALT LAKE
1707,351707,234.0,618.5450830600449,2.6433550558121577,12.0,0.0,0.0,12.0,28.997721332350377,0.0,0.0,0.0,0.0,0.0,12.0,0.0,0.0,0.0,0.0,0.0,16.997721332350377,58615,0,892,0,35,SALT LAKE
1708,351708,641.0,1620.8007978751036,2.52855038670063,1022.0,168.0,9.0,845.0,1067.9938341934187,11.0,157.0,2.0,7.0,8.0,695.0,4.0,138.0,0.0,0.0,0.0,45.99383419341867,58615,0,0,57,35,SALT LAKE
1709,351709,217.0,541.4484896127328,2.4951543300125936,16473.0,714.0,588.0,15171.0,16789.835569707768,230.0,484.0,588.0,0.0,7805.0,212.0,3504.0,3650.0,0.0,33.85778443113772,266.9799299050053,15.997855371623883,68462,0,860,1290,35,SALT LAKE
1710,351710,265.0,572.4643605398124,2.1602428699615563,0.0,0.0,0.0,0.0,18.997453253803364,0.0,0.0,0.0,0.0,0.0,0.0,0.0,0.0,0.0,0.0,0.0,18.997453253803364,68462,0,0,0,35,SALT LAKE
1711,351711,502.0,1089.1001534108816,2.169522217949963,972.0,121.0,34.0,817.0,1091.9888603989646,101.0,20.0,2.0,32.0,134.0,85.0,148.0,450.0,0.0,0.0,83.99368581281067,35.99517458615374,71760,0,0,0,35,SALT LAKE
1712,351712,1123.0,2410.376254904473,2.146372444260439,4863.0,550.0,0.0,4313.0,5237.967043163683,527.0,23.0,0.0,0.0,1129.0,57.0,1661.0,1466.0,0.0,0.0,293.97790034483734,80.98914281884592,68462,0,0,0,35,SALT LAKE
1713,351713,305.0,674.3736507287883,2.2110611499304538,278.0,129.0,12.0,137.0,299.9970511359828,123.0,6.0,4.0,8.0,6.0,9.0,12.0,110.0,0.0,0.0,0.0,21.997051135982844,62062,0,0,0,35,SALT LAKE
1714,351714,561.0,1325.7069401974602,2.3631139753965424,1172.0,142.0,93.0,937.0,1481.9743428273796,67.0,75.0,8.0,85.0,98.0,211.0,112.0,516.0,0.0,0.0,269.97970439832,39.99463842905971,51464,57,24,31,35,SALT LAKE
1715,351715,767.0,2130.347248819983,2.7775061914210992,2814.0,187.0,31.0,2596.0,2868.992627839957,127.0,60.0,8.0,23.0,210.0,407.0,1181.0,798.0,0.0,0.0,0.0,54.9926278399571,57225,828,136,136,35,SALT LAKE
1716,351716,479.0,1303.5527466781175,2.721404481582709,25.0,0.0,1.0,24.0,58.995442664700754,0.0,0.0,0.0,1.0,9.0,0.0,12.0,3.0,0.0,0.0,0.0,33.995442664700754,57746,0,0,0,35,SALT LAKE
1717,351717,461.0,1253.9273531947904,2.720015950530999,734.0,16.0,28.0,690.0,766.9955767039743,16.0,0.0,1.0,27.0,2.0,86.0,79.0,523.0,0.0,0.0,0.0,32.995576703974265,54774,0,779,0,35,SALT LAKE
1718,351718,356.0,1005.8003857781532,2.8252819825229025,985.0,6.0,26.0,953.0,1010.9965149788889,4.0,2.0,1.0,25.0,383.0,252.0,73.0,245.0,0.0,0.0,0.0,25.99651497888881,63404,800,218,217,35,SALT LAKE
1719,351719,559.0,1469.2661142028005,2.6283830307742404,976.0,284.0,4.0,688.0,1137.9854678238562,142.0,142.0,1.0,3.0,19.0,59.0,78.0,532.0,0.0,0.0,121.99082939479644,39.99463842905971,70422,181,39,0,35,SALT LAKE
1720,351720,942.0,2530.0088999089235,2.6857843948077744,520.0,34.0,5.0,481.0,939.9644258783225,32.0,2.0,1.0,4.0,11.0,33.0,15.0,422.0,0.0,0.0,351.9735405489209,67.99088532940151,71862,0,0,0,35,SALT LAKE
1721,351721,522.0,1393.0556884962618,2.6686890584219576,385.0,1.0,182.0,202.0,422.99490650760674,1.0,0.0,3.0,179.0,7.0,156.0,12.0,27.0,0.0,0.0,0.0,37.99490650760673,101380,798,0,0,35,SALT LAKE
1722,351722,1091.0,3056.392537928503,2.801459704792395,1011.0,286.0,33.0,692.0,3201.8306541909183,223.0,63.0,10.0,23.0,15.0,61.0,232.0,384.0,0.0,0.0,2111.841243293525,78.98941089739293,81278,0,0,0,35,SALT LAKE
1723,351723,725.0,2020.462448964044,2.7868447571917843,0.0,0.0,0.0,0.0,51.99302995777762,0.0,0.0,0.0,0.0,0.0,0.0,0.0,0.0,0.0,0.0,0.0,51.99302995777762,95737,0,0,0,35,SALT LAKE
1724,351724,330.0,914.525108478462,2.7712882075104908,11.0,0.0,0.0,11.0,34.99678305743583,0.0,0.0,0.0,0.0,7.0,0.0,1.0,3.0,0.0,0.0,0.0,23.996783057435827,144776,0,0,0,35,SALT LAKE
1725,351725,193.0,433.336025238341,2.2452643794732694,0.0,0.0,0.0,0.0,13.9981234501709,0.0,0.0,0.0,0.0,0.0,0.0,0.0,0.0,0.0,0.0,0.0,13.9981234501709,116026,0,0,0,35,SALT LAKE
1726,351726,114.0,257.8748125651477,2.262059759343401,0.0,0.0,0.0,0.0,7.9989276858119425,0.0,0.0,0.0,0.0,0.0,0.0,0.0,0.0,0.0,0.0,0.0,7.9989276858119425,116026,0,0,0,35,SALT LAKE
1727,351727,1232.0,2989.0437896297017,2.4261719071669656,4562.0,604.0,28.0,3930.0,5427.068567332795,424.0,180.0,25.0,3.0,2103.0,107.0,1004.0,716.0,0.0,174.125748502994,601.9547483251431,88.98807050465786,69269,0,0,0,35,SALT LAKE
1728,351728,1782.0,4385.644149089058,2.461079769410246,649.0,494.0,1.0,154.0,776.9828429729911,280.0,214.0,0.0,1.0,7.0,0.0,0.0,147.0,0.0,0.0,0.0,127.98284297299108,69269,0,0,0,35,SALT LAKE
1729,351729,2762.0,7003.383655334578,2.5356204400197604,3758.0,1693.0,59.0,2006.0,4225.953105751787,1324.0,369.0,52.0,7.0,362.0,145.0,316.0,1183.0,0.0,0.0,268.9797795672151,198.97332618457207,69269,0,0,0,35,SALT LAKE
1730,351730,731.0,1912.349984589652,2.616073850327841,1212.0,423.0,0.0,789.0,1317.9889119670631,354.0,69.0,0.0,0.0,112.0,2.0,242.0,433.0,0.0,0.0,52.996016048559106,52.99289591850412,72945,0,0,0,35,SALT LAKE
1731,351731,674.0,1728.9132622494951,2.565153208085305,133.0,12.0,33.0,88.0,197.99222937327636,7.0,5.0,1.0,32.0,20.0,5.0,4.0,59.0,0.0,0.0,15.998797297678221,48.99343207559815,71997,0,0,0,35,SALT LAKE
1732,351732,952.0,2517.602551538092,2.6445404953131213,479.0,82.0,13.0,384.0,547.990751290128,36.0,46.0,2.0,11.0,40.0,117.0,7.0,220.0,0.0,0.0,0.0,68.990751290128,51507,611,0,0,35,SALT LAKE
1733,351733,452.0,1084.669314707013,2.399710873245604,1074.0,392.0,81.0,601.0,1419.9720488398043,275.0,117.0,3.0,78.0,66.0,35.0,67.0,433.0,0.0,0.0,312.9764721358302,32.995576703974265,55510,0,0,0,35,SALT LAKE
1734,351734,239.0,586.6430443921917,2.45457340749871,995.0,65.0,27.0,903.0,1103.9908057940002,65.0,0.0,0.0,27.0,34.0,151.0,120.0,598.0,0.0,0.0,91.99308446164977,16.997721332350377,61263,0,0,0,35,SALT LAKE
1735,351735,750.0,1724.482423545627,2.299309898060836,2896.0,555.0,27.0,2314.0,3625.9419477061356,436.0,119.0,20.0,7.0,747.0,289.0,617.0,661.0,0.0,0.0,675.9491858269048,53.99276187923061,55510,621,2271,0,35,SALT LAKE
1736,351736,374.0,903.8910955891774,2.4168211112010094,381.0,31.0,12.0,338.0,407.9963809396153,18.0,13.0,0.0,12.0,38.0,49.0,26.0,225.0,0.0,0.0,0.0,26.996380939615307,61263,0,0,0,35,SALT LAKE
1737,351737,499.0,1397.4865272001302,2.800574202805872,375.0,48.0,50.0,277.0,410.9951745861537,40.0,8.0,3.0,47.0,22.0,25.0,28.0,202.0,0.0,0.0,0.0,35.99517458615374,55218,0,0,0,35,SALT LAKE
1738,351738,430.0,1238.8625016016374,2.881075585120087,199.0,1.0,1.0,197.0,252.99411589793374,1.0,0.0,0.0,1.0,26.0,25.0,27.0,119.0,0.0,0.0,22.998271115412443,30.99584478252128,68320,0,0,0,35,SALT LAKE
1739,351739,545.0,1508.2574947968433,2.767444944581364,127.0,1.0,0.0,126.0,165.99477246833322,1.0,0.0,0.0,0.0,27.0,30.0,69.0,0.0,0.0,0.0,0.0,38.99477246833322,76848,547,721,1082,35,SALT LAKE
1740,351740,402.0,1100.6203340409395,2.737861527465024,1083.0,0.0,43.0,1040.0,1111.9961128610682,0.0,0.0,8.0,35.0,16.0,409.0,60.0,555.0,0.0,0.0,0.0,28.99611286106829,86967,0,0,0,35,SALT LAKE
1741,351741,333.0,916.2974439600092,2.751643975855884,91.0,42.0,0.0,49.0,114.99678305743583,13.0,29.0,0.0,0.0,11.0,0.0,2.0,36.0,0.0,0.0,0.0,23.996783057435827,71430,0,0,0,35,SALT LAKE
1742,351742,461.0,1233.5454951569952,2.675803677130141,182.0,0.0,3.0,179.0,214.99557670397428,0.0,0.0,0.0,3.0,39.0,68.0,46.0,26.0,0.0,0.0,0.0,32.995576703974265,77937,629,0,0,35,SALT LAKE
1743,351743,427.0,1182.1477661921203,2.7684959395600006,593.0,111.0,128.0,354.0,623.9958447825213,111.0,0.0,102.0,26.0,16.0,98.0,5.0,235.0,0.0,0.0,0.0,30.99584478252128,93167,0,0,0,35,SALT LAKE
1744,351744,235.0,671.7151475064671,2.858362329814754,0.0,0.0,0.0,0.0,16.997721332350377,0.0,0.0,0.0,0.0,0.0,0.0,0.0,0.0,0.0,0.0,0.0,16.997721332350377,130202,0,0,0,35,SALT LAKE
1745,351745,499.0,1264.5613660840747,2.534191114396944,140.0,9.0,3.0,128.0,175.99517458615372,0.0,9.0,0.0,3.0,7.0,2.0,90.0,29.0,0.0,0.0,0.0,35.99517458615374,129834,0,0,0,35,SALT LAKE
1746,351746,1209.0,3149.440150709742,2.6049959890072305,290.0,12.0,45.0,233.0,376.9883385832049,12.0,0.0,1.0,44.0,18.0,100.0,17.0,98.0,0.0,0.0,0.0,86.98833858320488,81558,732,0,0,35,SALT LAKE
1747,351747,558.0,1364.6983207915032,2.4456959153969597,570.0,111.0,113.0,346.0,609.9946384290597,104.0,7.0,71.0,42.0,59.0,21.0,52.0,214.0,0.0,0.0,0.0,39.99463842905971,72411,0,0,0,35,SALT LAKE
1748,351748,305.0,753.2425796576479,2.4696478021562225,0.0,0.0,0.0,0.0,21.997051135982844,0.0,0.0,0.0,0.0,0.0,0.0,0.0,0.0,0.0,0.0,0.0,21.997051135982844,91238,0,0,0,35,SALT LAKE
1749,351749,284.0,704.5033539150942,2.480645612377092,622.0,196.0,0.0,426.0,772.9874720892703,190.0,6.0,0.0,0.0,26.0,37.0,137.0,226.0,0.0,0.0,130.99015287474043,19.997319214529856,91238,0,8,24,35,SALT LAKE
1750,351750,647.0,1467.493778721253,2.268151126307965,2611.0,908.0,4.0,1699.0,2732.988062487012,508.0,400.0,3.0,1.0,172.0,78.0,599.0,850.0,0.0,0.0,74.99436233286666,46.99370015414516,51078,0,0,0,35,SALT LAKE
1751,351751,878.0,2199.468332600332,2.5050892170846604,1327.0,268.0,57.0,1002.0,1568.987055662781,93.0,175.0,53.0,4.0,171.0,223.0,128.0,480.0,2.008805031446541,0.0,176.98669510556533,62.99155552576904,51078,620,435,605,35,SALT LAKE
1752,351752,679.0,2006.2837651116645,2.9547625406651905,999.0,50.0,220.0,729.0,1084.990650826479,30.0,20.0,16.0,204.0,158.0,58.0,293.0,220.0,0.0,0.0,36.99721875088089,48.99343207559815,81955,0,0,0,35,SALT LAKE
1753,351753,945.0,2801.1762285856767,2.964207649297012,687.0,10.0,83.0,594.0,754.9908853294015,10.0,0.0,1.0,82.0,31.0,238.0,37.0,288.0,0.0,0.0,0.0,67.99088532940151,82182,470,1111,0,35,SALT LAKE
1754,351754,613.0,1471.9246174251214,2.4011820838908995,874.0,318.0,40.0,516.0,1472.952383535179,216.0,102.0,17.0,23.0,89.0,23.0,44.0,360.0,0.0,0.0,554.9582812632133,43.99410227196569,75595,1,5,8,35,SALT LAKE
1755,351755,807.0,2346.5721775687666,2.907772215079017,511.0,381.0,0.0,130.0,568.9922257221366,353.0,28.0,0.0,0.0,6.0,5.0,26.0,93.0,0.0,0.0,0.0,57.99222572213658,88759,43,0,0,35,SALT LAKE
1756,351756,297.0,805.5264763632964,2.712210358125577,4.0,0.0,0.0,4.0,24.997185175256348,0.0,0.0,0.0,0.0,0.0,4.0,0.0,0.0,0.0,0.0,0.0,20.997185175256348,121178,0,0,0,35,SALT LAKE
1757,351757,231.0,532.5868122049958,2.3055706156060425,0.0,0.0,0.0,0.0,16.997721332350377,0.0,0.0,0.0,0.0,0.0,0.0,0.0,0.0,0.0,0.0,0.0,16.997721332350377,82428,0,0,0,35,SALT LAKE
1758,351758,505.0,1409.892875570962,2.791867080338539,0.0,0.0,0.0,0.0,35.99517458615374,0.0,0.0,0.0,0.0,0.0,0.0,0.0,0.0,0.0,0.0,0.0,35.99517458615374,100960,0,0,0,35,SALT LAKE
1759,351759,515.0,1433.819404571852,2.784115348683208,8.0,0.0,0.0,8.0,44.99504054688023,0.0,0.0,0.0,0.0,4.0,0.0,1.0,3.0,0.0,0.0,0.0,36.99504054688023,128517,0,0,0,35,SALT LAKE
1760,351760,242.0,652.2194572094457,2.695121724005974,2272.0,836.0,176.0,1260.0,2398.989452753888,406.0,430.0,120.0,56.0,133.0,505.0,359.0,263.0,0.0,0.0,109.99173142153778,16.997721332350377,56147,2,12,33,35,SALT LAKE
1761,351761,552.0,1566.7445656879077,2.838305372623021,943.0,153.0,52.0,738.0,986.2191893272633,39.0,114.0,0.0,52.0,129.0,116.0,92.0,401.0,0.0,3.2245508982035926,0.0,39.99463842905971,117886,0,0,0,35,SALT LAKE
1762,351762,1121.0,3053.734034706182,2.724115998845836,878.0,178.0,169.0,531.0,973.9880152854192,166.0,12.0,4.0,165.0,27.0,137.0,5.0,362.0,0.0,0.0,14.998872466573333,80.98914281884592,56147,481,138,0,35,SALT LAKE
1763,351763,790.0,2210.98851323039,2.7987196370004934,223.0,0.0,0.0,223.0,279.9923597614101,0.0,0.0,0.0,0.0,65.0,59.0,24.0,75.0,0.0,0.0,0.0,56.99235976141009,117886,745,0,0,35,SALT LAKE
1764,351764,512.0,1261.01669512098,2.462923232658164,1567.0,217.0,305.0,1045.0,1686.988801528586,201.0,16.0,257.0,48.0,172.0,426.0,171.0,276.0,0.0,0.0,82.99376098170578,36.99504054688023,101963,752,0,0,35,SALT LAKE
1765,351765,112.0,313.703380233891,2.800923037802598,35.0,32.0,0.0,3.0,42.99892768581194,30.0,2.0,0.0,0.0,0.0,0.0,0.0,3.0,0.0,0.0,0.0,7.9989276858119425,99228,0,0,0,35,SALT LAKE
1766,351766,365.0,1061.6289534468967,2.9085724751969773,0.0,0.0,0.0,0.0,28.005320010335353,0.0,0.0,0.0,0.0,0.0,0.0,0.0,0.0,2.008805031446541,0.0,0.0,25.99651497888881,99228,0,0,0,35,SALT LAKE
1767,351767,286.0,792.2339602516909,2.770048812068849,305.0,1.0,60.0,244.0,325.99718517525633,1.0,0.0,1.0,59.0,30.0,133.0,14.0,67.0,0.0,0.0,0.0,20.997185175256348,101963,775,221,563,35,SALT LAKE
1768,351768,330.0,986.304695481132,2.9888021075185818,66.0,1.0,0.0,65.0,89.99678305743583,1.0,0.0,0.0,0.0,8.0,33.0,20.0,4.0,0.0,0.0,0.0,23.996783057435827,99228,0,0,0,35,SALT LAKE
1769,351769,176.0,492.7092638701791,2.799484453807836,0.0,0.0,0.0,0.0,12.998257489444406,0.0,0.0,0.0,0.0,0.0,0.0,0.0,0.0,0.0,0.0,0.0,12.998257489444406,99436,0,0,0,35,SALT LAKE
1770,351770,586.0,1694.352720359321,2.891386894811128,6.0,0.0,0.0,6.0,47.994370350512696,0.0,0.0,0.0,0.0,1.0,0.0,0.0,5.0,0.0,0.0,0.0,41.994370350512696,110377,0,0,0,35,SALT LAKE
1771,351771,393.0,1043.905598631423,2.6562483425735945,4152.0,525.0,6.0,3621.0,4364.986818339365,378.0,147.0,1.0,5.0,1548.0,446.0,81.0,1546.0,1.0044025157232706,0.0,183.98616892329954,27.9962469003418,86219,0,0,0,35,SALT LAKE
1772,351772,672.0,1799.8066815113916,2.6782837522490945,227.0,95.0,0.0,132.0,357.9873270965775,94.0,1.0,0.0,0.0,75.0,9.0,25.0,23.0,0.0,0.0,82.99376098170578,47.993566114871655,86423,0,0,0,35,SALT LAKE
1773,351773,30.0,65.57641281725405,2.185880427241801,323.0,169.0,0.0,154.0,1126.9394464675738,169.0,0.0,0.0,0.0,0.0,135.0,0.0,19.0,0.0,0.0,801.9397145461209,1.9997319214529856,86219,0,0,0,35,SALT LAKE
1774,351774,505.0,1409.892875570962,2.791867080338539,0.0,0.0,0.0,0.0,35.99517458615374,0.0,0.0,0.0,0.0,0.0,0.0,0.0,0.0,0.0,0.0,0.0,35.99517458615374,129043,0,0,0,35,SALT LAKE
1775,351775,445.0,1133.4085404495668,2.54698548415633,145.0,0.0,0.0,145.0,176.99571074324777,0.0,0.0,0.0,0.0,23.0,56.0,1.0,65.0,0.0,0.0,0.0,31.99571074324777,109702,730,0,0,35,SALT LAKE
1776,351776,635.0,1654.4751720245042,2.605472711849613,0.0,0.0,0.0,0.0,45.99383419341867,0.0,0.0,0.0,0.0,0.0,0.0,0.0,0.0,0.0,0.0,0.0,45.99383419341867,115069,0,0,0,35,SALT LAKE
1777,351777,862.0,2409.4900871637,2.795232119679466,74.0,22.0,0.0,52.0,152.99041169382568,1.0,21.0,0.0,0.0,3.0,1.0,9.0,39.0,0.0,0.0,16.99872212878311,61.99168956504256,129043,0,0,0,35,SALT LAKE
1778,351778,758.0,1922.0978297381628,2.5357491157495557,61.0,11.0,1.0,49.0,237.98345723475353,7.0,4.0,0.0,1.0,4.0,1.0,18.0,26.0,0.0,0.0,121.99082939479644,54.9926278399571,83170,0,0,0,35,SALT LAKE
1779,351779,956.0,2306.69462923395,2.412860490830492,0.0,0.0,0.0,0.0,68.990751290128,0.0,0.0,0.0,0.0,0.0,0.0,0.0,0.0,0.0,0.0,0.0,68.990751290128,83170,0,0,0,35,SALT LAKE
1780,351780,591.0,1433.819404571852,2.42609036306574,1122.0,190.0,59.0,873.0,1164.994236311239,43.0,147.0,2.0,57.0,289.0,39.0,75.0,470.0,0.0,0.0,0.0,42.99423631123919,83170,0,0,0,35,SALT LAKE
1781,351781,1323.0,3396.680950385605,2.567408125763874,13964.0,2394.0,24.0,11546.0,14963.919238418941,2338.0,56.0,13.0,11.0,599.0,3391.0,5479.0,2077.0,0.0,0.0,904.9319721499244,94.9872662690168,83170,0,0,0,35,SALT LAKE
1782,351782,0.0,0.0,0.0,0.0,0.0,0.0,0.0,0.0,0.0,0.0,0.0,0.0,0.0,0.0,0.0,0.0,0.0,0.0,0.0,0.0,0,0,0,0,0,external
1783,351783,0.0,0.0,0.0,0.0,0.0,0.0,0.0,0.0,0.0,0.0,0.0,0.0,0.0,0.0,0.0,0.0,0.0,0.0,0.0,0.0,0,0,0,0,0,external
1784,351784,0.0,0.0,0.0,0.0,0.0,0.0,0.0,0.0,0.0,0.0,0.0,0.0,0.0,0.0,0.0,0.0,0.0,0.0,0.0,0.0,0,0,0,0,0,external
1785,351785,15.0,30.0,2.0,0.0,0.0,0.0,0.0,0.0,0.0,0.0,0.0,0.0,0.0,0.0,0.0,0.0,0.0,0.0,0.0,0.0,0,0,0,0,0,external
1786,351786,0.0,0.0,0.0,0.0,0.0,0.0,0.0,0.0,0.0,0.0,0.0,0.0,0.0,0.0,0.0,0.0,0.0,0.0,0.0,0.0,0,0,0,0,0,external
1787,351787,0.0,0.0,0.0,0.0,0.0,0.0,0.0,0.0,0.0,0.0,0.0,0.0,0.0,0.0,0.0,0.0,0.0,0.0,0.0,0.0,0,0,0,0,0,external
1788,351788,0.0,0.0,0.0,0.0,0.0,0.0,0.0,0.0,0.0,0.0,0.0,0.0,0.0,0.0,0.0,0.0,0.0,0.0,0.0,0.0,0,0,0,0,0,external
1789,491789,748.0,2049.82039751144,2.7404016009511225,6639.0,279.0,492.0,5868.0,6688.032711386888,254.0,25.0,154.0,338.0,2223.0,909.0,1403.0,1333.0,3.00924499229584,0.0,0.0,46.023466394592525,60612,0,0,0,49,UTAH
1790,491790,159.0,469.6401599810878,2.9537116979942626,963.0,106.0,24.0,833.0,1978.0511410621248,2.0,104.0,12.0,12.0,245.0,167.0,172.0,249.0,0.0,0.0,1005.0460396719959,10.00510139012881,56366,0,0,0,49,UTAH
1791,491791,439.0,1216.47394822169,2.7710112715756035,0.0,0.0,0.0,0.0,27.013773753347788,0.0,0.0,0.0,0.0,0.0,0.0,0.0,0.0,0.0,0.0,0.0,27.013773753347788,56366,0,0,0,49,UTAH
1792,491792,236.0,711.5224980164601,3.014925839052797,681.0,203.0,52.0,426.0,709.0502852435609,20.0,183.0,6.0,46.0,4.0,103.0,4.0,315.0,14.043143297380588,0.0,0.0,14.007141946180331,56366,0,0,0,49,UTAH
1793,491793,791.0,2493.8598720800246,3.152793770012673,0.0,0.0,0.0,0.0,48.02448667261829,0.0,0.0,0.0,0.0,0.0,0.0,0.0,0.0,0.0,0.0,0.0,48.02448667261829,56366,0,0,0,49,UTAH
1794,491794,95.0,296.6148378827923,3.1222614513978137,1570.0,169.0,105.0,1296.0,3156.1149077071777,159.0,10.0,53.0,52.0,448.0,180.0,87.0,581.0,13.040061633281972,0.0,1567.0717852398186,6.003060834077286,56366,0,0,0,49,UTAH
1795,491795,713.0,2168.113219762315,3.0408320052767395,0.0,0.0,0.0,0.0,43.02193597755388,0.0,0.0,0.0,0.0,0.0,0.0,0.0,0.0,0.0,0.0,0.0,43.02193597755388,56366,0,0,0,49,UTAH
1796,491796,255.0,813.9252396664717,3.191863684966556,204.0,20.0,1.0,183.0,1318.076677404638,20.0,0.0,1.0,0.0,117.0,25.0,15.0,26.0,6.01848998459168,0.0,1092.0500251958404,16.008162224206096,56366,0,0,0,49,UTAH
1797,491797,178.0,547.3249984742001,3.0748595419898885,0.0,0.0,0.0,0.0,19.030264841930595,0.0,0.0,0.0,0.0,0.0,0.0,0.0,0.0,8.024653312788907,0.0,0.0,11.00561152914169,56366,0,0,0,49,UTAH
1798,491798,13.0,26.483467668106456,2.0371898206235737,3899.0,578.0,388.0,2933.0,3901.0035918031117,535.0,43.0,46.0,342.0,1062.0,876.0,330.0,665.0,1.003081664098613,0.0,0.0,1.000510139012881,56366,0,0,0,49,UTAH
1799,491799,253.0,673.5628610255075,2.662303798519792,1334.0,1248.0,5.0,81.0,1349.0076520851933,1.0,1247.0,2.0,3.0,2.0,77.0,0.0,2.0,0.0,0.0,0.0,15.007652085193214,56366,0,0,0,49,UTAH
1800,491800,0.0,0.0,0.0,2377.0,1367.0,12.0,998.0,3420.150999493824,150.0,1217.0,2.0,10.0,18.0,877.0,6.0,97.0,34.10477657935285,0.0,1009.0462229144715,0.0,56366,0,0,0,49,UTAH
1801,491801,0.0,0.0,0.0,30.0,0.0,5.0,25.0,30.0,0.0,0.0,0.0,5.0,0.0,24.0,0.0,1.0,0.0,0.0,0.0,0.0,56366,0,0,0,49,UTAH
1802,491802,614.0,1821.1797933101209,2.9660908685832585,914.0,66.0,64.0,784.0,968.071263433153,18.0,48.0,21.0,43.0,386.0,169.0,94.0,135.0,17.052388289676426,0.0,0.0,37.0188751434766,56366,0,0,0,49,UTAH
1803,491803,350.0,926.0385861281223,2.645824531794635,0.0,0.0,0.0,0.0,22.013794583369112,0.0,0.0,0.0,0.0,0.0,0.0,0.0,0.0,1.003081664098613,0.0,0.0,21.0107129192705,60612,0,0,0,49,UTAH
1804,491804,45.0,111.2305642060471,2.471790315689936,2492.0,574.0,82.0,1836.0,2528.081974357935,543.0,31.0,40.0,42.0,284.0,525.0,262.0,765.0,26.080123266563945,0.0,7.000320674332309,3.001530417038643,60612,0,0,0,49,UTAH
1805,491805,37.0,134.1829028517394,3.626564941938902,229.0,2.0,7.0,220.0,233.00718360622298,2.0,0.0,0.0,7.0,30.0,43.0,133.0,14.0,2.006163328197226,0.0,0.0,2.001020278025762,60612,0,0,0,49,UTAH
1806,491806,193.0,512.8964905056616,2.6574947694593867,1398.0,179.0,28.0,1191.0,2542.343349515844,169.0,10.0,18.0,10.0,274.0,240.0,450.0,227.0,94.28967642526965,0.0,1038.0475514224197,12.006121668154572,60612,0,0,0,49,UTAH
1807,491807,295.0,861.5954814690633,2.920662649047672,330.0,5.0,5.0,320.0,356.0338358150208,2.0,3.0,3.0,2.0,48.0,30.0,187.0,55.0,8.024653312788907,0.0,0.0,18.00918250223186,60612,0,0,0,49,UTAH
1808,491808,68.0,184.50149142114165,2.713257226781495,0.0,0.0,0.0,0.0,6.008203884248751,0.0,0.0,0.0,0.0,0.0,0.0,0.0,0.0,2.006163328197226,0.0,0.0,4.002040556051524,60612,0,0,0,49,UTAH
1809,491809,0.0,0.0,0.0,0.0,0.0,0.0,0.0,0.0,0.0,0.0,0.0,0.0,0.0,0.0,0.0,0.0,0.0,0.0,0.0,0.0,60612,0,0,0,49,UTAH
1810,491810,111.0,258.6552008918397,2.3302270350616188,0.0,0.0,0.0,0.0,38.09910256014718,0.0,0.0,0.0,0.0,0.0,0.0,0.0,0.0,31.09553158705701,0.0,0.0,7.003570973090167,60612,0,0,0,49,UTAH
1811,491811,1331.0,3360.752047082709,2.5249827551335158,446.0,44.0,6.0,396.0,534.0628929087336,38.0,6.0,3.0,3.0,166.0,78.0,1.0,151.0,7.021571648690293,0.0,0.0,81.04132126004336,60612,0,0,0,49,UTAH
1812,491812,606.0,1452.1768104678372,2.3963313704089724,4493.0,57.0,34.0,4402.0,6657.201318227311,5.0,52.0,6.0,28.0,871.0,2059.0,730.0,742.0,28.086286594761173,0.0,2099.096156489074,37.0188751434766,60612,0,0,0,49,UTAH
1813,491813,873.0,1849.428825489434,2.1184751723819404,2176.0,87.0,70.0,2019.0,2256.1102422983454,47.0,40.0,32.0,38.0,293.0,509.0,996.0,221.0,27.08320493066256,0.0,0.0,53.027037367682695,60612,0,0,0,49,UTAH
1814,491814,683.0,1952.714349395049,2.8590254017497063,0.0,0.0,0.0,0.0,42.021425838541,0.0,0.0,0.0,0.0,0.0,0.0,0.0,0.0,0.0,0.0,0.0,42.021425838541,60612,0,0,0,49,UTAH
1815,491815,1214.0,3420.7812404637502,2.8177769690805192,753.0,260.0,13.0,480.0,845.0932202407282,259.0,1.0,13.0,0.0,193.0,81.0,119.0,87.0,18.05546995377504,0.0,0.0,74.0377502869532,60612,0,0,0,49,UTAH
1816,491816,761.0,2167.2304375067115,2.8478717969864804,0.0,0.0,0.0,0.0,46.023466394592525,0.0,0.0,0.0,0.0,0.0,0.0,0.0,0.0,0.0,0.0,0.0,46.023466394592525,60612,0,0,0,49,UTAH
1817,491817,613.0,1845.89769646702,3.011252359652561,340.0,76.0,8.0,256.0,378.0219568075752,75.0,1.0,7.0,1.0,84.0,20.0,58.0,94.0,1.003081664098613,0.0,0.0,37.0188751434766,60612,0,0,0,49,UTAH
1818,491818,1542.0,4059.91559352072,2.6328894899615563,0.0,0.0,0.0,0.0,96.05411639540803,0.0,0.0,0.0,0.0,0.0,0.0,0.0,0.0,2.006163328197226,0.0,0.0,94.0479530672108,60612,0,0,0,49,UTAH
1819,491819,842.0,2608.621565308486,3.0981253744756367,0.0,0.0,0.0,0.0,51.02601708965693,0.0,0.0,0.0,0.0,0.0,0.0,0.0,0.0,0.0,0.0,0.0,51.02601708965693,56366,0,0,0,49,UTAH
1820,491820,498.0,1483.0741894139614,2.978060621313176,0.0,0.0,0.0,0.0,31.01838583448504,0.0,0.0,0.0,0.0,0.0,0.0,0.0,0.0,1.003081664098613,0.0,0.0,30.01530417038643,56366,0,0,0,49,UTAH
1821,491821,589.0,1847.663260978227,3.136949509300895,0.0,0.0,0.0,0.0,36.01836500446372,0.0,0.0,0.0,0.0,0.0,0.0,0.0,0.0,0.0,0.0,0.0,36.01836500446372,56366,0,0,0,49,UTAH
1822,491822,853.0,2664.236847411509,3.1233726229912184,0.0,0.0,0.0,0.0,52.02652722866981,0.0,0.0,0.0,0.0,0.0,0.0,0.0,0.0,0.0,0.0,0.0,52.02652722866981,56366,0,0,0,49,UTAH
1823,491823,684.0,2259.0397920894807,3.3026897545167846,0.0,0.0,0.0,0.0,45.03067083083684,0.0,0.0,0.0,0.0,0.0,0.0,0.0,0.0,3.00924499229584,0.0,0.0,42.021425838541,56366,0,0,0,49,UTAH
1824,491824,686.0,2215.7834615649067,3.2300050460129834,479.0,200.0,2.0,277.0,521.021425838541,200.0,0.0,2.0,0.0,169.0,16.0,14.0,78.0,0.0,0.0,0.0,42.021425838541,56366,0,0,0,49,UTAH
1825,491825,146.0,430.79774073453166,2.950669457085833,592.0,28.0,130.0,434.0,607.0230812357077,1.0,27.0,130.0,0.0,177.0,104.0,45.0,108.0,6.01848998459168,0.0,0.0,9.00459125111593,56366,0,0,0,49,UTAH
1826,491826,437.0,1310.048867315666,2.997823495001524,33.0,6.0,5.0,22.0,60.01377375334779,1.0,5.0,5.0,0.0,8.0,8.0,0.0,6.0,0.0,0.0,0.0,27.013773753347788,56366,0,0,0,49,UTAH
1827,491827,196.0,588.8157644875669,3.004162063712076,816.0,61.0,4.0,751.0,833.0215299886477,61.0,0.0,4.0,0.0,188.0,79.0,321.0,163.0,5.015408320493067,0.0,0.0,12.006121668154572,56366,0,0,0,49,UTAH
1828,491828,380.0,1185.5765692755656,3.119938340198857,282.0,91.0,2.0,189.0,305.0117331972963,86.0,5.0,0.0,2.0,53.0,46.0,18.0,72.0,0.0,0.0,0.0,23.011733197296262,56366,0,0,0,49,UTAH
1829,491829,383.0,1210.294472432465,3.1600377870299345,241.0,19.0,12.0,210.0,264.0117331972963,18.0,1.0,0.0,12.0,7.0,130.0,0.0,73.0,0.0,0.0,0.0,23.011733197296262,56366,0,0,0,49,UTAH
1830,491830,213.0,700.046328693614,3.286602482129643,48.0,3.0,0.0,45.0,1095.060071694071,3.0,0.0,0.0,0.0,12.0,4.0,23.0,6.0,2.006163328197226,0.0,1032.0472765587062,13.006631807167452,56366,0,0,0,49,UTAH
1831,491831,333.0,1077.8771340919327,3.2368682705463443,104.0,40.0,0.0,64.0,124.01020278025763,38.0,2.0,0.0,0.0,41.0,14.0,0.0,9.0,0.0,0.0,0.0,20.01020278025762,56366,611,0,0,49,UTAH
1832,491832,316.0,949.873707029418,3.005929452624741,0.0,0.0,0.0,0.0,19.00969264124474,0.0,0.0,0.0,0.0,0.0,0.0,0.0,0.0,0.0,0.0,0.0,19.00969264124474,60612,0,0,0,49,UTAH
1833,491833,471.0,1391.2648348311925,2.95385315250784,0.0,0.0,0.0,0.0,34.03020235186661,0.0,0.0,0.0,0.0,0.0,0.0,0.0,0.0,5.015408320493067,0.0,0.0,29.014794031373548,60612,0,0,0,49,UTAH
1834,491834,0.0,0.0,0.0,4795.0,343.0,48.0,4404.0,5876.1588120043025,214.0,129.0,14.0,34.0,572.0,1838.0,1279.0,715.0,36.11093990755008,0.0,1045.047872096752,0.0,60612,0,0,0,49,UTAH
1835,491835,302.0,899.5551184600159,2.97865933264906,876.0,159.0,0.0,717.0,908.0523257996124,159.0,0.0,0.0,0.0,256.0,65.0,21.0,375.0,14.043143297380588,0.0,0.0,18.00918250223186,60612,0,0,0,49,UTAH
1836,491836,0.0,0.0,0.0,2552.0,158.0,44.0,2350.0,3595.1297485194664,60.0,98.0,38.0,6.0,155.0,997.0,1091.0,107.0,27.08320493066256,0.0,1016.0465435888038,0.0,60612,0,0,0,49,UTAH
1837,491837,0.0,0.0,0.0,0.0,0.0,0.0,0.0,13.040061633281972,0.0,0.0,0.0,0.0,0.0,0.0,0.0,0.0,13.040061633281972,0.0,0.0,0.0,60612,0,0,0,49,UTAH
1838,491838,0.0,0.0,0.0,255.0,235.0,0.0,20.0,267.03697996918334,235.0,0.0,0.0,0.0,5.0,11.0,1.0,3.0,12.03697996918336,0.0,0.0,0.0,60612,0,0,0,49,UTAH
1839,491839,118.0,298.3804023939994,2.528647477915249,1.0,1.0,0.0,0.0,8.003570973090167,1.0,0.0,0.0,0.0,0.0,0.0,0.0,0.0,0.0,0.0,0.0,7.003570973090167,60612,0,0,0,49,UTAH
1840,491840,0.0,0.0,0.0,0.0,0.0,0.0,0.0,23.070878274268107,0.0,0.0,0.0,0.0,0.0,0.0,0.0,0.0,23.070878274268107,0.0,0.0,0.0,60612,0,0,0,49,UTAH
1841,491841,41.0,137.71403187415356,3.358878826198868,51.0,18.0,5.0,28.0,73.06265355999803,17.0,1.0,0.0,5.0,3.0,0.0,2.0,23.0,20.061633281972263,0.0,0.0,2.001020278025762,60612,0,0,0,49,UTAH
1842,491842,149.0,495.2408453935907,3.3237640630442327,128.0,27.0,2.0,99.0,137.00459125111593,27.0,0.0,1.0,1.0,30.0,21.0,0.0,48.0,0.0,0.0,0.0,9.00459125111593,60612,118,0,0,49,UTAH
1843,491843,0.0,0.0,0.0,1304.0,41.0,38.0,1225.0,1309.0154083204932,0.0,41.0,23.0,15.0,194.0,454.0,507.0,70.0,5.015408320493067,0.0,0.0,0.0,60612,0,0,0,49,UTAH
1844,491844,0.0,0.0,0.0,1103.0,43.0,36.0,1024.0,2168.0761109904474,23.0,20.0,15.0,21.0,337.0,285.0,281.0,121.0,9.02773497688752,0.0,1056.0483760135598,0.0,60612,0,0,0,49,UTAH
1845,491845,0.0,0.0,0.0,318.0,107.0,0.0,211.0,327.02773497688753,0.0,107.0,0.0,0.0,5.0,89.0,115.0,2.0,9.02773497688752,0.0,0.0,0.0,60612,0,0,0,49,UTAH
1846,491846,0.0,0.0,0.0,4.0,0.0,0.0,4.0,4.0,0.0,0.0,0.0,0.0,2.0,0.0,1.0,1.0,0.0,0.0,0.0,0.0,60612,0,0,0,49,UTAH
1847,491847,0.0,0.0,0.0,488.0,197.0,0.0,291.0,497.02773497688753,0.0,197.0,0.0,0.0,3.0,114.0,171.0,3.0,9.02773497688752,0.0,0.0,0.0,60612,0,0,0,49,UTAH
1848,491848,0.0,0.0,0.0,211.0,13.0,2.0,196.0,220.02773497688753,0.0,13.0,2.0,0.0,30.0,71.0,78.0,17.0,9.02773497688752,0.0,0.0,0.0,60612,0,0,0,49,UTAH
1849,491849,0.0,0.0,0.0,1728.0,699.0,2.0,1027.0,1728.0,0.0,699.0,1.0,1.0,47.0,583.0,359.0,38.0,0.0,0.0,0.0,0.0,60612,0,0,0,49,UTAH
1850,491850,0.0,0.0,0.0,4.0,1.0,0.0,3.0,4.0,0.0,1.0,0.0,0.0,0.0,2.0,0.0,1.0,0.0,0.0,0.0,0.0,60612,0,0,0,49,UTAH
1851,491851,129.0,391.95532148797554,3.0384133448680277,0.0,0.0,0.0,0.0,8.004081112103048,0.0,0.0,0.0,0.0,0.0,0.0,0.0,0.0,0.0,0.0,0.0,8.004081112103048,60612,0,0,0,49,UTAH
1852,491852,266.0,837.7603605677675,3.149475039728449,0.0,0.0,0.0,0.0,27.042060529290843,0.0,0.0,0.0,0.0,0.0,0.0,0.0,0.0,11.033898305084747,0.0,0.0,16.008162224206096,60612,0,0,0,49,UTAH
1853,491853,231.0,665.6178207250756,2.88146242738128,77.0,71.0,0.0,6.0,107.05644857175814,71.0,0.0,0.0,0.0,2.0,2.0,0.0,2.0,16.049306625577813,0.0,0.0,14.007141946180331,60612,0,0,0,49,UTAH
1854,491854,332.0,962.2326586078678,2.898291140385144,8.0,0.0,0.0,8.0,29.013284444356234,0.0,0.0,0.0,0.0,3.0,5.0,0.0,0.0,1.003081664098613,0.0,0.0,20.01020278025762,60612,0,0,0,49,UTAH
1855,491855,190.0,537.614393662561,2.8295494403292687,0.0,0.0,0.0,0.0,30.061591621929615,0.0,0.0,0.0,0.0,0.0,0.0,0.0,0.0,18.05546995377504,0.0,0.0,12.006121668154572,60612,0,0,0,49,UTAH
1856,491856,85.0,222.4611284120942,2.617189746024638,0.0,0.0,0.0,0.0,13.027204007853312,0.0,0.0,0.0,0.0,0.0,0.0,0.0,0.0,8.024653312788907,0.0,0.0,5.002550695064405,60612,0,0,0,49,UTAH
1857,491857,0.0,0.0,0.0,786.0,245.0,3.0,538.0,1850.0730293263487,0.0,245.0,3.0,0.0,36.0,233.0,238.0,31.0,8.024653312788907,0.0,1056.0483760135598,0.0,60612,0,0,0,49,UTAH
1858,491858,0.0,0.0,0.0,1581.0,626.0,28.0,927.0,2595.046451967566,0.0,626.0,8.0,20.0,93.0,315.0,376.0,143.0,0.0,0.0,1014.046451967566,0.0,60612,0,0,0,49,UTAH
1859,491859,884.0,2326.1312435153504,2.631370184972116,0.0,0.0,0.0,0.0,55.03062917079419,0.0,0.0,0.0,0.0,0.0,0.0,0.0,0.0,1.003081664098613,0.0,0.0,54.027547506695576,60612,0,0,0,49,UTAH
1860,491860,1279.0,3516.121724068934,2.7491178452454528,0.0,0.0,0.0,0.0,78.03979084300472,0.0,0.0,0.0,0.0,0.0,0.0,0.0,0.0,0.0,0.0,0.0,78.03979084300472,60612,0,0,0,49,UTAH
1861,491861,0.0,0.0,0.0,1491.0,632.0,0.0,859.0,1500.0277349768876,84.0,548.0,0.0,0.0,46.0,503.0,276.0,34.0,9.02773497688752,0.0,0.0,0.0,60612,0,0,0,49,UTAH
1862,491862,2.0,5.296693533621291,2.6483467668106453,36.0,19.0,1.0,16.0,70.10477657935286,10.0,9.0,0.0,1.0,1.0,3.0,1.0,11.0,34.10477657935285,0.0,0.0,0.0,60612,0,0,0,49,UTAH
1863,491863,0.0,0.0,0.0,601.0,424.0,1.0,176.0,656.1694915254237,69.0,355.0,1.0,0.0,2.0,78.0,19.0,77.0,55.16949152542373,0.0,0.0,0.0,60612,0,0,0,49,UTAH
1864,491864,4.0,6.0,1.5,3904.0,1808.0,11.0,2085.0,7021.31279949398,191.0,1617.0,3.0,8.0,294.0,1132.0,487.0,172.0,56.172573189522346,0.0,3061.1402263044574,0.0,60612,0,0,0,49,UTAH
1865,491865,543.0,1728.487656471748,3.183218520205797,0.0,0.0,0.0,0.0,33.01683458742507,0.0,0.0,0.0,0.0,0.0,0.0,0.0,0.0,0.0,0.0,0.0,33.01683458742507,52669,0,0,0,49,UTAH
1866,491866,318.0,1041.6830616121872,3.275732898151532,213.0,8.0,4.0,201.0,232.00969264124473,8.0,0.0,0.0,4.0,70.0,108.0,3.0,20.0,0.0,0.0,0.0,19.00969264124474,52669,0,0,0,49,UTAH
1867,491867,404.0,1350.6568510734292,3.3432100274094783,470.0,274.0,5.0,191.0,495.01275347532203,273.0,1.0,0.0,5.0,95.0,13.0,4.0,79.0,0.0,0.0,0.0,25.012753475322025,58563,0,0,0,49,UTAH
1868,491868,602.0,1791.1651966196,2.9753574694677742,0.0,0.0,0.0,0.0,37.0188751434766,0.0,0.0,0.0,0.0,0.0,0.0,0.0,0.0,0.0,0.0,0.0,37.0188751434766,58563,0,0,0,49,UTAH
1869,491869,351.0,1179.3970934863407,3.360105679448264,230.0,9.0,18.0,203.0,251.0107129192705,9.0,0.0,1.0,17.0,30.0,106.0,5.0,62.0,0.0,0.0,0.0,21.0107129192705,58563,700,0,0,49,UTAH
1870,491870,600.0,1996.8534621752267,3.328089103625378,0.0,0.0,0.0,0.0,37.0188751434766,0.0,0.0,0.0,0.0,0.0,0.0,0.0,0.0,0.0,0.0,0.0,37.0188751434766,57975,0,0,0,49,UTAH
1871,491871,332.0,990.4816907871814,2.983378586708377,0.0,0.0,0.0,0.0,20.01020278025762,0.0,0.0,0.0,0.0,0.0,0.0,0.0,0.0,0.0,0.0,0.0,20.01020278025762,52669,0,0,0,49,UTAH
1872,491872,0.0,0.0,0.0,0.0,0.0,0.0,0.0,0.0,0.0,0.0,0.0,0.0,0.0,0.0,0.0,0.0,0.0,0.0,0.0,0.0,52669,0,0,0,49,UTAH
1873,491873,102.0,323.0983055508988,3.167630446577439,0.0,0.0,0.0,0.0,6.003060834077286,0.0,0.0,0.0,0.0,0.0,0.0,0.0,0.0,0.0,0.0,0.0,6.003060834077286,52669,0,0,0,49,UTAH
1874,491874,470.0,1427.458907310938,3.037146611299868,0.0,0.0,0.0,0.0,29.014794031373548,0.0,0.0,0.0,0.0,0.0,0.0,0.0,0.0,0.0,0.0,0.0,29.014794031373548,58563,0,0,0,49,UTAH
1875,491875,563.0,1619.022656776908,2.875706317543353,0.0,0.0,0.0,0.0,34.017344726437955,0.0,0.0,0.0,0.0,0.0,0.0,0.0,0.0,0.0,0.0,0.0,34.017344726437955,58563,0,0,0,49,UTAH
1876,491876,28.0,85.62987879354421,3.058209956912293,0.0,0.0,0.0,0.0,2.001020278025762,0.0,0.0,0.0,0.0,0.0,0.0,0.0,0.0,0.0,0.0,0.0,2.001020278025762,52669,0,0,0,49,UTAH
1877,491877,465.0,1436.2867298669737,3.088788666380588,173.0,0.0,3.0,170.0,201.01428389236065,0.0,0.0,3.0,0.0,105.0,32.0,28.0,5.0,0.0,0.0,0.0,28.014283892360663,52669,0,0,0,49,UTAH
1878,491878,959.0,2560.9513235058944,2.670439336293946,2.0,0.0,0.0,2.0,60.029588062747095,0.0,0.0,0.0,0.0,2.0,0.0,0.0,0.0,0.0,0.0,0.0,58.029588062747095,58563,0,0,0,49,UTAH
1879,491879,280.0,765.3722156082765,2.733472198600988,0.0,0.0,0.0,0.0,17.008672363218977,0.0,0.0,0.0,0.0,0.0,0.0,0.0,0.0,0.0,0.0,0.0,17.008672363218977,57259,0,0,0,49,UTAH
1880,491880,576.0,1420.3966492661095,2.4659664049758847,445.0,4.0,13.0,428.0,481.02093652954943,1.0,3.0,13.0,0.0,77.0,254.0,43.0,54.0,1.003081664098613,0.0,0.0,35.01785486545084,58563,0,0,0,49,UTAH
1881,491881,379.0,1055.807577701844,2.7857719728280843,0.0,0.0,0.0,0.0,24.014814861394875,0.0,0.0,0.0,0.0,0.0,0.0,0.0,0.0,1.003081664098613,0.0,0.0,23.011733197296262,57259,0,0,0,49,UTAH
1882,491882,297.0,847.4709653794066,2.853437593870056,903.0,132.0,135.0,636.0,925.0215091586263,132.0,0.0,3.0,132.0,48.0,264.0,1.0,323.0,4.012326656394453,0.0,0.0,18.00918250223186,58563,0,0,0,49,UTAH
1883,491883,103.0,269.2485879590823,2.614063960767789,0.0,0.0,0.0,0.0,8.009224162274512,0.0,0.0,0.0,0.0,0.0,0.0,0.0,0.0,2.006163328197226,0.0,0.0,6.003060834077286,58563,0,0,0,49,UTAH
1884,491884,120.0,362.8235070530585,3.0235292254421537,0.0,0.0,0.0,0.0,16.03130594997769,0.0,0.0,0.0,0.0,0.0,0.0,0.0,0.0,9.02773497688752,0.0,0.0,7.003570973090167,60612,0,0,0,49,UTAH
1885,491885,463.0,1366.546931674293,2.951505251996313,693.0,53.0,56.0,584.0,724.0235288846566,53.0,0.0,2.0,54.0,95.0,362.0,0.0,127.0,3.00924499229584,0.0,0.0,28.014283892360663,56147,0,1550,0,49,UTAH
1886,491886,0.0,0.0,0.0,1426.0,7.0,8.0,1411.0,3547.1244870040073,2.0,5.0,8.0,0.0,105.0,770.0,526.0,10.0,9.02773497688752,0.0,2112.0967520271197,0.0,60612,0,0,0,49,UTAH
1887,491887,0.0,0.0,0.0,769.0,115.0,5.0,649.0,1812.072067303352,24.0,91.0,3.0,2.0,107.0,190.0,265.0,87.0,8.024653312788907,0.0,1035.047413990563,0.0,60612,0,0,0,49,UTAH
1888,491888,662.0,1792.930761130807,2.708354624064663,0.0,0.0,0.0,0.0,42.02656888871247,0.0,0.0,0.0,0.0,0.0,0.0,0.0,0.0,2.006163328197226,0.0,0.0,40.02040556051524,56147,0,0,0,49,UTAH
1889,491889,0.0,0.0,0.0,0.0,0.0,0.0,0.0,9.02773497688752,0.0,0.0,0.0,0.0,0.0,0.0,0.0,0.0,9.02773497688752,0.0,0.0,0.0,60612,0,0,0,49,UTAH
1890,491890,0.0,0.0,0.0,2121.0,344.0,14.0,1763.0,2130.0277349768876,0.0,344.0,14.0,0.0,250.0,752.0,755.0,6.0,9.02773497688752,0.0,0.0,0.0,60612,0,0,0,49,UTAH
1891,491891,0.0,0.0,0.0,1066.0,525.0,3.0,538.0,1074.0246533127888,1.0,524.0,3.0,0.0,17.0,259.0,223.0,39.0,8.024653312788907,0.0,0.0,0.0,60612,0,0,0,49,UTAH
1892,491892,0.0,0.0,0.0,1572.0,787.0,5.0,780.0,1581.0277349768876,207.0,580.0,1.0,4.0,226.0,207.0,316.0,31.0,9.02773497688752,0.0,0.0,0.0,60612,0,0,0,49,UTAH
1893,491893,522.0,1590.7736245975943,3.047459050953246,544.0,389.0,0.0,155.0,584.0409777612011,289.0,100.0,0.0,0.0,75.0,36.0,14.0,30.0,8.024653312788907,0.0,0.0,32.01632444841219,56147,0,0,0,49,UTAH
1894,491894,0.0,0.0,0.0,2618.0,1673.0,5.0,940.0,2627.0277349768876,201.0,1472.0,5.0,0.0,233.0,275.0,308.0,124.0,9.02773497688752,0.0,0.0,0.0,60612,0,0,0,49,UTAH
1895,491895,0.0,0.0,0.0,1976.0,1159.0,1.0,816.0,3003.0774060404087,0.0,1159.0,0.0,1.0,19.0,318.0,445.0,34.0,10.030816640986131,0.0,1017.0465893994227,0.0,60612,0,0,0,49,UTAH
1896,491896,0.0,0.0,0.0,776.0,142.0,5.0,629.0,777.0030816640987,18.0,124.0,3.0,2.0,262.0,125.0,132.0,110.0,1.003081664098613,0.0,0.0,0.0,60612,0,0,0,49,UTAH
1897,491897,0.0,0.0,0.0,518.0,292.0,0.0,226.0,523.0154083204931,0.0,292.0,0.0,0.0,5.0,67.0,154.0,0.0,5.015408320493067,0.0,0.0,0.0,60612,0,0,0,49,UTAH
1898,491898,1079.0,3328.089103625378,3.084419929217218,0.0,0.0,0.0,0.0,71.04907749534321,0.0,0.0,0.0,0.0,0.0,0.0,0.0,0.0,5.015408320493067,0.0,0.0,66.03366917485015,68692,0,0,0,49,UTAH
1899,491899,785.0,2448.8379770442434,3.1195388242601827,271.0,25.0,15.0,231.0,319.0244866726183,25.0,0.0,0.0,15.0,43.0,92.0,0.0,96.0,0.0,0.0,0.0,48.02448667261829,57259,0,0,0,49,UTAH
1900,491900,378.0,1379.7886655083464,3.6502345648368952,0.0,0.0,0.0,0.0,23.011733197296262,0.0,0.0,0.0,0.0,0.0,0.0,0.0,0.0,0.0,0.0,0.0,23.011733197296262,57310,0,0,0,49,UTAH
1901,491901,491.0,1649.9200357230322,3.3603259383361146,110.0,33.0,3.0,74.0,140.01530417038643,33.0,0.0,0.0,3.0,7.0,31.0,0.0,36.0,0.0,0.0,0.0,30.01530417038643,61568,1254,0,0,49,UTAH
1902,491902,177.0,613.5336676444662,3.466291907595854,567.0,22.0,1.0,544.0,578.0056115291417,20.0,2.0,0.0,1.0,184.0,5.0,299.0,56.0,0.0,0.0,0.0,11.00561152914169,56147,0,0,0,49,UTAH
1903,491903,902.0,3016.4669673973253,3.344198411748698,41.0,2.0,1.0,38.0,96.02805764570846,1.0,1.0,0.0,1.0,17.0,0.0,15.0,6.0,0.0,0.0,0.0,55.02805764570846,56147,0,0,0,49,UTAH
1904,491904,512.0,1690.5280194807954,3.3018125380484284,18.0,7.0,3.0,8.0,254.0252054862741,5.0,2.0,0.0,3.0,3.0,0.0,1.0,4.0,0.0,0.0,205.0093911768748,31.01581430939931,64418,0,0,0,49,UTAH
1905,491905,292.0,1019.6135052220984,3.4918270726784195,293.0,111.0,1.0,181.0,311.00918250223185,111.0,0.0,1.0,0.0,38.0,59.0,13.0,71.0,0.0,0.0,0.0,18.00918250223186,64418,0,238,238,49,UTAH
1906,491906,346.0,1161.7414483742698,3.357634243856271,0.0,0.0,0.0,0.0,22.013794583369112,0.0,0.0,0.0,0.0,0.0,0.0,0.0,0.0,1.003081664098613,0.0,0.0,21.0107129192705,59439,0,0,0,49,UTAH
1907,491907,594.0,1928.879228493753,3.2472714284406625,0.0,0.0,0.0,0.0,36.01836500446372,0.0,0.0,0.0,0.0,0.0,0.0,0.0,0.0,0.0,0.0,0.0,36.01836500446372,56147,0,0,0,49,UTAH
1908,491908,761.0,2463.845275389504,3.2376416233764838,358.0,49.0,19.0,290.0,404.0234663945925,42.0,7.0,2.0,17.0,16.0,101.0,24.0,149.0,0.0,0.0,0.0,46.023466394592525,86568,1045,0,0,49,UTAH
1909,491909,700.0,2313.7722919369007,3.305388988481287,0.0,0.0,0.0,0.0,43.02193597755388,0.0,0.0,0.0,0.0,0.0,0.0,0.0,0.0,0.0,0.0,0.0,43.02193597755388,86568,0,0,0,49,UTAH
1910,491910,0.0,0.0,0.0,603.0,45.0,6.0,552.0,609.0184899845917,45.0,0.0,4.0,2.0,17.0,60.0,343.0,132.0,6.01848998459168,0.0,0.0,0.0,60612,0,0,0,49,UTAH
1911,491911,0.0,0.0,0.0,1239.0,321.0,0.0,918.0,2318.0828240460714,14.0,307.0,0.0,0.0,93.0,221.0,575.0,29.0,11.033898305084747,0.0,1068.0489257409868,0.0,60612,0,0,0,49,UTAH
1912,491912,225.0,633.8376595233478,2.8170562645482127,1756.0,243.0,15.0,1498.0,1771.010223610279,104.0,139.0,13.0,2.0,57.0,339.0,917.0,185.0,1.003081664098613,0.0,0.0,14.007141946180331,60612,0,0,0,49,UTAH
1913,491913,258.0,659.4383449358508,2.5559625772707397,0.0,0.0,0.0,0.0,21.02357054469916,0.0,0.0,0.0,0.0,0.0,0.0,0.0,0.0,5.015408320493067,0.0,0.0,16.008162224206096,63602,0,0,0,49,UTAH
1914,491914,441.0,1240.3090691229856,2.812492220233528,0.0,0.0,0.0,0.0,57.106223676306186,0.0,0.0,0.0,0.0,0.0,0.0,0.0,0.0,30.0924499229584,0.0,0.0,27.013773753347788,60612,0,0,0,49,UTAH
1915,491915,116.0,308.97378946124195,2.663567150527948,0.0,0.0,0.0,0.0,12.018979293583234,0.0,0.0,0.0,0.0,0.0,0.0,0.0,0.0,5.015408320493067,0.0,0.0,7.003570973090167,63602,0,0,0,49,UTAH
1916,491916,0.0,0.0,0.0,0.0,0.0,0.0,0.0,0.0,0.0,0.0,0.0,0.0,0.0,0.0,0.0,0.0,0.0,0.0,0.0,0.0,63602,0,0,0,49,UTAH
1917,491917,1.0,4.413911278017743,4.413911278017743,0.0,0.0,0.0,0.0,0.0,0.0,0.0,0.0,0.0,0.0,0.0,0.0,0.0,0.0,0.0,0.0,0.0,63602,0,0,0,49,UTAH
1918,491918,157.0,414.9076601336678,2.642723949895973,0.0,0.0,0.0,0.0,10.00510139012881,0.0,0.0,0.0,0.0,0.0,0.0,0.0,0.0,0.0,0.0,0.0,10.00510139012881,63602,0,0,0,49,UTAH
1919,491919,790.0,1861.787777067884,2.356693388693524,119.0,70.0,2.0,47.0,167.02448667261828,69.0,1.0,1.0,1.0,1.0,2.0,6.0,38.0,0.0,0.0,0.0,48.02448667261829,63602,0,0,0,49,UTAH
1920,491920,794.0,2176.941042318351,2.7417393480079983,0.0,0.0,0.0,0.0,48.02448667261829,0.0,0.0,0.0,0.0,0.0,0.0,0.0,0.0,0.0,0.0,0.0,48.02448667261829,63602,0,0,0,49,UTAH
1921,491921,254.0,791.855683276383,3.1175420601432404,129.0,82.0,1.0,46.0,1177.0549744545185,82.0,0.0,1.0,0.0,0.0,3.0,5.0,38.0,0.0,0.0,1033.0473223693252,15.007652085193214,63602,0,0,0,49,UTAH
1922,491922,1217.0,3507.293901512898,2.881917749805176,0.0,0.0,0.0,0.0,74.0377502869532,0.0,0.0,0.0,0.0,0.0,0.0,0.0,0.0,0.0,0.0,0.0,74.0377502869532,63602,0,0,0,49,UTAH
1923,491923,892.0,2323.48289674854,2.6048014537539683,27.0,6.0,7.0,14.0,81.02754750669558,6.0,0.0,0.0,7.0,6.0,1.0,0.0,7.0,0.0,0.0,0.0,54.027547506695576,63602,0,0,0,49,UTAH
1924,491924,269.0,813.0424574108682,3.0224626669549006,0.0,0.0,0.0,0.0,16.008162224206096,0.0,0.0,0.0,0.0,0.0,0.0,0.0,0.0,0.0,0.0,0.0,16.008162224206096,63602,0,0,0,49,UTAH
1925,491925,767.0,2023.336929843333,2.63798817450239,0.0,0.0,0.0,0.0,47.023976533605406,0.0,0.0,0.0,0.0,0.0,0.0,0.0,0.0,0.0,0.0,0.0,47.023976533605406,63602,0,0,0,49,UTAH
1926,491926,601.0,1697.5902775256238,2.824609446798043,0.0,0.0,0.0,0.0,37.0188751434766,0.0,0.0,0.0,0.0,0.0,0.0,0.0,0.0,0.0,0.0,0.0,37.0188751434766,63602,0,0,0,49,UTAH
1927,491927,561.0,1596.9531003868192,2.846618717267057,0.0,0.0,0.0,0.0,34.017344726437955,0.0,0.0,0.0,0.0,0.0,0.0,0.0,0.0,0.0,0.0,0.0,34.017344726437955,63602,0,0,0,49,UTAH
1928,491928,698.0,2297.882211336037,3.2920948586476166,0.0,0.0,0.0,0.0,42.021425838541,0.0,0.0,0.0,0.0,0.0,0.0,0.0,0.0,0.0,0.0,0.0,42.021425838541,63602,0,0,0,49,UTAH
1929,491929,623.0,1958.0110429286703,3.1428748682643186,8.0,2.0,0.0,6.0,46.01938528248948,2.0,0.0,0.0,0.0,3.0,2.0,0.0,1.0,0.0,0.0,0.0,38.01938528248948,63602,0,0,0,49,UTAH
1930,491930,1293.0,4233.823697874619,3.274418946538762,0.0,0.0,0.0,0.0,79.0403009820176,0.0,0.0,0.0,0.0,0.0,0.0,0.0,0.0,0.0,0.0,0.0,79.0403009820176,63602,0,0,0,49,UTAH
1931,491931,1054.0,3242.4592248318336,3.076337025457148,0.0,0.0,0.0,0.0,64.03264889682438,0.0,0.0,0.0,0.0,0.0,0.0,0.0,0.0,0.0,0.0,0.0,64.03264889682438,63602,0,0,0,49,UTAH
1932,491932,965.0,2907.884749958089,3.013352072495429,526.0,88.0,94.0,344.0,585.03009820176,88.0,0.0,2.0,92.0,38.0,138.0,27.0,141.0,0.0,0.0,0.0,59.03009820175998,70905,1285,0,0,49,UTAH
1933,491933,597.0,1875.9122931575405,3.142231646830051,53.0,25.0,1.0,27.0,89.01836500446372,25.0,0.0,0.0,1.0,2.0,6.0,0.0,19.0,0.0,0.0,0.0,36.01836500446372,74557,0,0,0,49,UTAH
1934,491934,838.0,2783.4124519179886,3.321494572694497,0.0,0.0,0.0,0.0,51.02601708965693,0.0,0.0,0.0,0.0,0.0,0.0,0.0,0.0,0.0,0.0,0.0,51.02601708965693,74557,0,0,0,49,UTAH
1935,491935,894.0,2646.5812022994382,2.960381658053063,0.0,0.0,0.0,0.0,54.027547506695576,0.0,0.0,0.0,0.0,0.0,0.0,0.0,0.0,0.0,0.0,0.0,54.027547506695576,74557,0,0,0,49,UTAH
1936,491936,150.0,410.4937488556501,2.7366249923710004,0.0,0.0,0.0,0.0,9.00459125111593,0.0,0.0,0.0,0.0,0.0,0.0,0.0,0.0,0.0,0.0,0.0,9.00459125111593,74557,0,0,0,49,UTAH
1937,491937,599.0,1923.582534960132,3.211323096761489,0.0,0.0,0.0,0.0,36.01836500446372,0.0,0.0,0.0,0.0,0.0,0.0,0.0,0.0,0.0,0.0,0.0,36.01836500446372,74664,0,0,0,49,UTAH
1938,491938,656.0,2292.585517802416,3.494794996650024,444.0,12.0,1.0,431.0,484.02040556051526,2.0,10.0,0.0,1.0,86.0,21.0,221.0,103.0,0.0,0.0,0.0,40.02040556051524,74557,0,0,0,49,UTAH
1939,491939,468.0,1554.5795521178488,3.3217511797389934,43.0,0.0,1.0,42.0,71.01428389236067,0.0,0.0,0.0,1.0,9.0,2.0,2.0,29.0,0.0,0.0,0.0,28.014283892360663,77792,0,0,0,49,UTAH
1940,491940,434.0,1440.700641144991,3.319586730748828,415.0,9.0,9.0,397.0,441.0132636143349,8.0,1.0,1.0,8.0,31.0,92.0,99.0,175.0,0.0,0.0,0.0,26.013263614334907,80453,1038,0,0,49,UTAH
1941,491941,706.0,2292.585517802416,3.247288268841948,0.0,0.0,0.0,0.0,43.02193597755388,0.0,0.0,0.0,0.0,0.0,0.0,0.0,0.0,0.0,0.0,0.0,43.02193597755388,80453,0,0,0,49,UTAH
1942,491942,222.0,678.8595545591288,3.057925921437517,2.0,1.0,0.0,1.0,16.007141946180333,1.0,0.0,0.0,0.0,0.0,0.0,0.0,1.0,0.0,0.0,0.0,14.007141946180331,80453,0,0,0,49,UTAH
1943,491943,368.0,1108.774513038057,3.0129742202121115,0.0,0.0,0.0,0.0,22.01122305828338,0.0,0.0,0.0,0.0,0.0,0.0,0.0,0.0,0.0,0.0,0.0,22.01122305828338,80453,0,0,0,49,UTAH
1944,491944,1191.0,3488.755474145224,2.929265721364588,0.0,0.0,0.0,0.0,72.03673000892744,0.0,0.0,0.0,0.0,0.0,0.0,0.0,0.0,0.0,0.0,0.0,72.03673000892744,80453,0,0,0,49,UTAH
1945,491945,784.0,2348.200799905439,2.99515408151204,851.0,3.0,12.0,836.0,901.0306500008155,1.0,2.0,8.0,4.0,168.0,42.0,575.0,51.0,2.006163328197226,0.0,0.0,48.02448667261829,80453,0,0,0,49,UTAH
1946,491946,400.0,1243.8401981454,3.1096004953635,477.0,4.0,1.0,472.0,505.0245699927036,2.0,2.0,1.0,0.0,49.0,24.0,369.0,30.0,4.012326656394453,0.0,0.0,24.012243336309144,80453,0,0,0,49,UTAH
1947,491947,877.0,2537.9989848602017,2.89395551295348,0.0,0.0,0.0,0.0,53.027037367682695,0.0,0.0,0.0,0.0,0.0,0.0,0.0,0.0,0.0,0.0,0.0,53.027037367682695,61091,0,0,0,49,UTAH
1948,491948,1241.0,3850.696198942679,3.102897823483222,247.0,3.0,12.0,232.0,328.054178885472,3.0,0.0,0.0,12.0,9.0,97.0,0.0,126.0,5.015408320493067,0.0,0.0,76.03877056497896,68377,0,0,0,49,UTAH
1949,491949,539.0,1832.6559626329667,3.400103826777304,0.0,0.0,0.0,0.0,33.01683458742507,0.0,0.0,0.0,0.0,0.0,0.0,0.0,0.0,0.0,0.0,0.0,33.01683458742507,68692,0,0,0,49,UTAH
1950,491950,953.0,2844.324427554633,2.9846006585043368,273.0,5.0,11.0,257.0,331.0295880627471,2.0,3.0,0.0,11.0,36.0,8.0,20.0,193.0,0.0,0.0,0.0,58.029588062747095,61091,0,0,0,49,UTAH
1951,491951,846.0,2971.445072361544,3.51234642123114,0.0,0.0,0.0,0.0,51.02601708965693,0.0,0.0,0.0,0.0,0.0,0.0,0.0,0.0,0.0,0.0,0.0,51.02601708965693,68377,0,0,0,49,UTAH
1952,491952,534.0,1883.8573334579728,3.5278227218314093,213.0,28.0,0.0,185.0,245.0163244484122,20.0,8.0,0.0,0.0,7.0,10.0,145.0,23.0,0.0,0.0,0.0,32.01632444841219,68377,0,0,0,49,UTAH
1953,491953,663.0,2448.8379770442434,3.693571609418165,326.0,91.0,9.0,226.0,366.02040556051526,32.0,59.0,0.0,9.0,15.0,66.0,69.0,76.0,0.0,0.0,0.0,40.02040556051524,67256,830,0,0,49,UTAH
1954,491954,242.0,874.8372153031165,3.6150298153021354,0.0,0.0,0.0,0.0,15.007652085193214,0.0,0.0,0.0,0.0,0.0,0.0,0.0,0.0,0.0,0.0,0.0,15.007652085193214,80453,0,0,0,49,UTAH
1955,491955,506.0,1757.6194709066651,3.4735562666139628,0.0,0.0,0.0,0.0,31.01581430939931,0.0,0.0,0.0,0.0,0.0,0.0,0.0,0.0,0.0,0.0,0.0,31.01581430939931,80453,0,0,0,49,UTAH
1956,491956,796.0,2488.5631785464034,3.1263356514402054,638.0,221.0,54.0,363.0,686.0244866726183,220.0,1.0,1.0,53.0,68.0,48.0,0.0,247.0,0.0,0.0,0.0,48.02448667261829,80453,0,0,0,49,UTAH
1957,491957,809.0,2485.9148317795925,3.0728242667238472,828.0,45.0,21.0,762.0,879.0311601398283,22.0,23.0,14.0,7.0,341.0,49.0,140.0,232.0,2.006163328197226,0.0,0.0,49.02499681163117,80453,0,0,0,49,UTAH
1958,491958,923.0,2884.049629056793,3.124647485435312,0.0,0.0,0.0,0.0,56.02856778472133,0.0,0.0,0.0,0.0,0.0,0.0,0.0,0.0,0.0,0.0,0.0,56.02856778472133,61091,0,0,0,49,UTAH
1959,491959,953.0,2989.9834997292187,3.1374433365469243,227.0,97.0,2.0,128.0,286.0326697268457,95.0,2.0,2.0,0.0,36.0,12.0,15.0,65.0,1.003081664098613,0.0,0.0,58.029588062747095,61091,0,0,0,49,UTAH
1960,491960,738.0,2272.281525923534,3.078972257348962,232.0,59.0,0.0,173.0,279.0291195837769,55.0,4.0,0.0,0.0,81.0,11.0,44.0,37.0,2.006163328197226,0.0,0.0,45.02295625557964,61091,0,0,0,49,UTAH
1961,491961,825.0,2749.866726205053,3.333171789339459,128.0,2.0,0.0,126.0,180.0316702788413,1.0,1.0,0.0,0.0,21.0,41.0,3.0,61.0,2.006163328197226,0.0,0.0,50.02550695064405,61091,0,0,0,49,UTAH
1962,491962,634.0,2236.0874534437885,3.5269518193119693,0.0,0.0,0.0,0.0,39.01989542150236,0.0,0.0,0.0,0.0,0.0,0.0,0.0,0.0,0.0,0.0,0.0,39.01989542150236,77792,0,858,1287,49,UTAH
1963,491963,1430.0,4737.892365824245,3.313211444632339,359.0,43.0,15.0,301.0,511.0473597843492,42.0,1.0,2.0,13.0,77.0,64.0,45.0,115.0,0.0,0.0,65.00297769022859,87.04438209412065,77792,0,0,0,49,UTAH
1964,491964,438.0,1328.5872946833406,3.033304325761052,172.0,7.0,3.0,162.0,201.019937081545,7.0,0.0,0.0,3.0,39.0,4.0,18.0,101.0,2.006163328197226,0.0,0.0,27.013773753347788,61091,0,0,0,49,UTAH
1965,491965,275.0,795.3868122987972,2.892315681086535,242.0,27.0,4.0,211.0,264.02408068371204,24.0,3.0,3.0,1.0,41.0,8.0,14.0,148.0,5.015408320493067,0.0,0.0,17.008672363218977,61091,0,0,0,49,UTAH
1966,491966,494.0,1560.7590279070737,3.159431230581121,593.0,117.0,6.0,470.0,624.0183858344851,115.0,2.0,5.0,1.0,243.0,17.0,126.0,84.0,1.003081664098613,0.0,0.0,30.01530417038643,61091,0,0,0,49,UTAH
1967,491967,323.0,1090.2360856703824,3.3753439184841563,1009.0,58.0,25.0,926.0,1031.0163661084548,19.0,39.0,3.0,22.0,451.0,25.0,265.0,185.0,2.006163328197226,0.0,0.0,20.01020278025762,61091,0,0,0,49,UTAH
1968,491968,131.0,419.3215714116856,3.200928026043401,396.0,24.0,2.0,370.0,406.01024444030026,16.0,8.0,2.0,0.0,148.0,12.0,147.0,63.0,2.006163328197226,0.0,0.0,8.004081112103048,61091,0,0,0,49,UTAH
1969,491969,6.0,13.241733834053228,2.206955639008872,1034.0,84.0,20.0,930.0,1037.0092449922959,84.0,0.0,0.0,20.0,22.0,328.0,32.0,548.0,3.00924499229584,0.0,0.0,0.0,61091,0,0,2468,49,UTAH
1970,491970,396.0,1238.5435046117786,3.1276351126560065,1492.0,70.0,29.0,1393.0,1516.0122433363092,70.0,0.0,2.0,27.0,15.0,603.0,11.0,764.0,0.0,0.0,0.0,24.012243336309144,61091,1884,1996,0,49,UTAH
1971,491971,208.0,693.8668529043891,3.335898331271101,650.0,36.0,29.0,585.0,664.0097134712661,33.0,3.0,1.0,28.0,236.0,8.0,216.0,125.0,1.003081664098613,0.0,0.0,13.006631807167452,61091,0,0,0,49,UTAH
1972,491972,603.0,1857.3738657898664,3.080221999651519,122.0,8.0,4.0,110.0,159.0188751434766,8.0,0.0,1.0,3.0,45.0,2.0,33.0,30.0,0.0,0.0,0.0,37.0188751434766,61091,58,22,22,49,UTAH
1973,491973,910.0,2899.056927402053,3.1857768432989597,1032.0,30.0,20.0,982.0,1088.031139309807,24.0,6.0,7.0,13.0,334.0,30.0,341.0,277.0,1.003081664098613,0.0,0.0,55.02805764570846,61091,0,0,0,49,UTAH
1974,491974,664.0,2105.435679614463,3.1708368668892515,0.0,0.0,0.0,0.0,41.02348722461386,0.0,0.0,0.0,0.0,0.0,0.0,0.0,0.0,1.003081664098613,0.0,0.0,40.02040556051524,72248,0,0,0,49,UTAH
1975,491975,1215.0,3756.238497593099,3.091554319006666,0.0,0.0,0.0,0.0,75.04083195105181,0.0,0.0,0.0,0.0,0.0,0.0,0.0,0.0,1.003081664098613,0.0,0.0,74.0377502869532,75273,0,0,0,49,UTAH
1976,491976,1158.0,3507.293901512898,3.028751210287477,556.0,204.0,0.0,352.0,626.0357097309017,142.0,62.0,0.0,0.0,13.0,26.0,113.0,200.0,0.0,0.0,0.0,70.03570973090167,75273,0,0,0,49,UTAH
1977,491977,557.0,1921.816970448925,3.450299767412792,2.0,0.0,0.0,2.0,36.017344726437955,0.0,0.0,0.0,0.0,0.0,0.0,0.0,2.0,0.0,0.0,0.0,34.017344726437955,75273,0,0,0,49,UTAH
1978,491978,415.0,1498.9642700148254,3.611962096421266,0.0,0.0,0.0,0.0,25.012753475322025,0.0,0.0,0.0,0.0,0.0,0.0,0.0,0.0,0.0,0.0,0.0,25.012753475322025,75273,0,0,0,49,UTAH
1979,491979,580.0,1850.3116077450377,3.190192427146617,522.0,32.0,46.0,444.0,557.0178548654509,32.0,0.0,0.0,46.0,86.0,54.0,0.0,304.0,0.0,0.0,0.0,35.01785486545084,75273,0,0,0,49,UTAH
1980,491980,2.0,4.413911278017743,2.206955639008872,0.0,0.0,0.0,0.0,1.003081664098613,0.0,0.0,0.0,0.0,0.0,0.0,0.0,0.0,1.003081664098613,0.0,0.0,0.0,75273,0,0,0,49,UTAH
1981,491981,1185.0,3570.854223916353,3.0133790919125345,0.0,0.0,0.0,0.0,73.03981167302605,0.0,0.0,0.0,0.0,0.0,0.0,0.0,0.0,1.003081664098613,0.0,0.0,72.03673000892744,75273,0,0,0,49,UTAH
1982,491982,852.0,2748.1011616938463,3.225470847058505,455.0,1.0,1.0,453.0,508.0296088927684,1.0,0.0,1.0,0.0,276.0,6.0,103.0,68.0,1.003081664098613,0.0,0.0,52.02652722866981,75273,0,0,0,49,UTAH
1983,491983,267.0,851.0020944018207,3.187273761804572,260.0,15.0,1.0,244.0,278.0143255524033,13.0,2.0,1.0,0.0,20.0,2.0,93.0,129.0,2.006163328197226,0.0,0.0,16.008162224206096,61091,0,0,0,49,UTAH
1984,491984,644.0,1987.142857363588,3.085625554912403,803.0,251.0,0.0,552.0,842.0198954215024,36.0,215.0,0.0,0.0,96.0,276.0,134.0,46.0,0.0,0.0,0.0,39.01989542150236,61091,0,0,0,49,UTAH
1985,491985,235.0,789.2073365095723,3.358329091530095,779.0,459.0,1.0,319.0,793.0071419461804,342.0,117.0,1.0,0.0,5.0,48.0,32.0,234.0,0.0,0.0,0.0,14.007141946180331,61091,0,0,0,49,UTAH
1986,491986,778.0,2334.9590660713857,3.0012327327395703,558.0,67.0,2.0,489.0,606.027058197704,34.0,33.0,0.0,2.0,116.0,24.0,229.0,120.0,1.003081664098613,0.0,0.0,47.023976533605406,61091,0,0,0,49,UTAH
1987,491987,97.0,297.49762013839586,3.066985774622638,617.0,129.0,2.0,486.0,632.0125806900866,27.0,102.0,1.0,1.0,83.0,20.0,270.0,113.0,3.00924499229584,0.0,6.0002748637134085,6.003060834077286,61091,0,0,0,49,UTAH
1988,491988,240.0,764.489433352673,3.1853726389694708,530.0,5.0,3.0,522.0,548.016897077489,5.0,0.0,1.0,2.0,2.0,32.0,473.0,15.0,3.00924499229584,0.0,0.0,15.007652085193214,86568,0,0,0,49,UTAH
1989,491989,0.0,0.0,0.0,923.0,4.0,2.0,917.0,924.0030816640987,4.0,0.0,2.0,0.0,362.0,104.0,439.0,12.0,1.003081664098613,0.0,0.0,0.0,86568,0,0,0,49,UTAH
1990,491990,37.0,99.754394883201,2.696064726573,937.0,130.0,5.0,802.0,939.0010202780257,128.0,2.0,1.0,4.0,387.0,75.0,205.0,135.0,0.0,0.0,0.0,2.001020278025762,86568,0,0,0,49,UTAH
1991,491991,114.0,334.57447487374486,2.9348638146819725,1939.0,3.0,4.0,1932.0,2969.086865477983,2.0,1.0,0.0,4.0,366.0,242.0,1251.0,73.0,12.03697996918336,0.0,1011.0463145357094,7.003570973090167,69414,0,0,0,49,UTAH
1992,491992,758.0,2385.277654640788,3.1468042937213565,64.0,18.0,0.0,46.0,111.02654805869113,17.0,1.0,0.0,0.0,19.0,0.0,1.0,26.0,1.003081664098613,0.0,0.0,46.023466394592525,60773,0,0,0,49,UTAH
1993,491993,220.0,705.3430222272352,3.2061046464874328,399.0,20.0,0.0,379.0,487.0161393105444,20.0,0.0,0.0,0.0,141.0,4.0,168.0,66.0,2.006163328197226,0.0,73.0033441751798,13.006631807167452,72877,0,0,0,49,UTAH
1994,491994,1.0,2.6483467668106453,2.6483467668106453,1182.0,564.0,3.0,615.0,1182.0,449.0,115.0,0.0,3.0,13.0,76.0,116.0,410.0,0.0,0.0,0.0,0.0,72877,0,0,0,49,UTAH
1995,491995,152.0,461.6951196806559,3.037467892635894,438.0,3.0,1.0,434.0,447.0045912511159,1.0,2.0,1.0,0.0,27.0,61.0,56.0,290.0,0.0,0.0,0.0,9.00459125111593,72877,0,0,0,49,UTAH
1996,491996,1071.0,3298.957289190461,3.080258906807153,105.0,9.0,2.0,94.0,171.0362406999359,9.0,0.0,0.0,2.0,15.0,4.0,9.0,66.0,1.003081664098613,0.0,0.0,65.03315903583726,72877,811,0,0,49,UTAH
1997,491997,1400.0,4360.061560425927,3.114329686018519,579.0,28.0,28.0,523.0,679.0440489753785,27.0,1.0,4.0,24.0,225.0,98.0,91.0,109.0,0.0,0.0,15.00068715928352,85.04336181609489,60773,933,0,0,49,UTAH
1998,491998,497.0,1647.2716889562214,3.314429957658393,0.0,0.0,0.0,0.0,31.01838583448504,0.0,0.0,0.0,0.0,0.0,0.0,0.0,0.0,1.003081664098613,0.0,0.0,30.01530417038643,60773,0,0,0,49,UTAH
1999,491999,494.0,1490.13644745879,3.0164705414145545,153.0,1.0,0.0,152.0,187.0276308267809,1.0,0.0,0.0,0.0,108.0,4.0,37.0,3.0,4.012326656394453,0.0,0.0,30.01530417038643,60773,0,0,0,49,UTAH
2000,492000,393.0,1302.103827015234,3.313241290115099,136.0,0.0,1.0,135.0,162.0184066645064,0.0,0.0,1.0,0.0,37.0,3.0,0.0,95.0,2.006163328197226,0.0,0.0,24.012243336309144,60773,0,0,0,49,UTAH
2001,492001,1194.0,3875.414102099578,3.245740454019747,0.0,0.0,0.0,0.0,78.05264846843338,0.0,0.0,0.0,0.0,0.0,0.0,0.0,0.0,5.015408320493067,0.0,0.0,73.03724014794031,60773,0,0,0,49,UTAH
2002,492002,555.0,1648.154471211825,2.9696476958771623,917.0,438.0,8.0,471.0,951.017344726438,158.0,280.0,1.0,7.0,157.0,8.0,109.0,197.0,0.0,0.0,0.0,34.017344726437955,72877,0,0,0,49,UTAH
2003,492003,333.0,1022.2618519889093,3.0698554113781054,346.0,30.0,5.0,311.0,370.02252943665206,2.0,28.0,3.0,2.0,54.0,12.0,36.0,209.0,4.012326656394453,0.0,0.0,20.01020278025762,72877,0,0,0,49,UTAH
2004,492004,782.0,2408.2299932864803,3.079577996530026,0.0,0.0,0.0,0.0,51.03373166491413,0.0,0.0,0.0,0.0,0.0,0.0,0.0,0.0,3.00924499229584,0.0,0.0,48.02448667261829,72877,0,0,0,49,UTAH
2005,492005,666.0,2012.7435427760904,3.022137451615752,454.0,133.0,6.0,315.0,691.0329304343124,133.0,0.0,4.0,2.0,103.0,12.0,6.0,194.0,1.003081664098613,0.0,195.00893307068577,41.02091569952812,72877,0,0,0,49,UTAH
2006,492006,218.0,647.079393357401,2.9682540979697296,774.0,111.0,28.0,635.0,791.0189584635618,111.0,0.0,15.0,13.0,436.0,29.0,24.0,146.0,4.012326656394453,0.0,0.0,13.006631807167452,75045,0,0,0,49,UTAH
2007,492007,1181.0,3500.2316434680697,2.9637863196173324,164.0,29.0,2.0,133.0,1343.0965499244903,29.0,0.0,1.0,1.0,85.0,2.0,24.0,22.0,3.00924499229584,0.0,1104.050574923267,72.03673000892744,72877,0,0,0,49,UTAH
2008,492008,659.0,1881.208986691162,2.854641861443341,542.0,1.0,19.0,522.0,589.0267979418069,1.0,0.0,2.0,17.0,153.0,12.0,6.0,351.0,2.006163328197226,0.0,5.0002290530945075,40.02040556051524,72877,0,0,0,49,UTAH
2009,492009,444.0,1357.7191091182576,3.057925921437517,457.0,31.0,28.0,398.0,488.02610040974224,31.0,0.0,0.0,28.0,152.0,7.0,2.0,237.0,4.012326656394453,0.0,0.0,27.013773753347788,72877,0,0,0,49,UTAH
2010,492010,417.0,1293.2760044591985,3.1013813056575503,597.0,77.0,27.0,493.0,676.0212989557022,76.0,1.0,1.0,26.0,180.0,26.0,0.0,287.0,2.006163328197226,0.0,52.002382152182875,25.012753475322025,75045,0,0,0,49,UTAH
2011,492011,458.0,1334.7667704725654,2.9143379267959943,1.0,0.0,0.0,1.0,34.02969221285373,0.0,0.0,0.0,0.0,0.0,0.0,0.0,1.0,5.015408320493067,0.0,0.0,28.014283892360663,75045,0,0,0,49,UTAH
2012,492012,17.0,47.67024180259162,2.8041318707406835,2071.0,268.0,347.0,1456.0,2076.0128367954076,266.0,2.0,1.0,346.0,363.0,264.0,0.0,829.0,4.012326656394453,0.0,0.0,1.000510139012881,69414,0,0,0,49,UTAH
2013,492013,242.0,605.5886273440343,2.502432344396836,0.0,0.0,0.0,0.0,28.047713718475187,0.0,0.0,0.0,0.0,0.0,0.0,0.0,0.0,13.040061633281972,0.0,0.0,15.007652085193214,64490,0,0,0,49,UTAH
2014,492014,391.0,1283.5653996475596,3.282775958177902,0.0,0.0,0.0,0.0,27.021488328604985,0.0,0.0,0.0,0.0,0.0,0.0,0.0,0.0,3.00924499229584,0.0,0.0,24.012243336309144,59913,0,0,0,49,UTAH
2015,492015,312.0,943.6942312401934,3.0246609975647223,0.0,0.0,0.0,0.0,24.025100961737806,0.0,0.0,0.0,0.0,0.0,0.0,0.0,0.0,5.015408320493067,0.0,0.0,19.00969264124474,64895,0,0,0,49,UTAH
2016,492016,423.0,1364.781367163086,3.2264334921113145,88.0,64.0,0.0,24.0,115.01634527843352,64.0,0.0,0.0,0.0,2.0,1.0,0.0,21.0,1.003081664098613,0.0,0.0,26.013263614334907,64895,0,0,0,49,UTAH
2017,492017,352.0,1120.250682360903,3.182530347616202,0.0,0.0,0.0,0.0,21.0107129192705,0.0,0.0,0.0,0.0,0.0,0.0,0.0,0.0,0.0,0.0,0.0,21.0107129192705,72137,0,0,0,49,UTAH
2018,492018,454.0,1496.3159232480148,3.295850051207081,281.0,4.0,3.0,274.0,310.01736555645925,3.0,1.0,2.0,1.0,112.0,12.0,80.0,70.0,1.003081664098613,0.0,0.0,28.014283892360663,72137,0,0,0,49,UTAH
2019,492019,254.0,770.6689091418979,3.034129563550779,252.0,6.0,27.0,219.0,270.01689707748903,6.0,0.0,1.0,26.0,28.0,84.0,8.0,99.0,3.00924499229584,0.0,0.0,15.007652085193214,59913,0,0,0,49,UTAH
2020,492020,484.0,1472.480802346719,3.042315707327932,0.0,0.0,0.0,0.0,30.01787569547216,0.0,0.0,0.0,0.0,0.0,0.0,0.0,0.0,1.003081664098613,0.0,0.0,29.014794031373548,59913,0,0,0,49,UTAH
2021,492021,224.0,735.3576189177559,3.282846513025696,859.0,140.0,0.0,719.0,884.0410402512651,137.0,3.0,0.0,0.0,369.0,10.0,171.0,169.0,11.033898305084747,0.0,0.0,14.007141946180331,67238,0,0,0,49,UTAH
2022,492022,0.0,0.0,0.0,107.0,3.0,0.0,104.0,119.03697996918336,3.0,0.0,0.0,0.0,4.0,5.0,0.0,95.0,12.03697996918336,0.0,0.0,0.0,67238,0,0,0,49,UTAH
2023,492023,158.0,533.2004823845433,3.374686597370528,54.0,2.0,1.0,51.0,64.00510139012881,1.0,1.0,0.0,1.0,7.0,0.0,39.0,5.0,0.0,0.0,0.0,10.00510139012881,59913,0,0,0,49,UTAH
2024,492024,83.0,256.8896363806326,3.095055860007622,259.0,6.0,5.0,248.0,264.00255069506443,6.0,0.0,0.0,5.0,61.0,62.0,0.0,125.0,0.0,0.0,0.0,5.002550695064405,59913,836,0,0,49,UTAH
2025,492025,561.0,1936.8242687941852,3.452449676994983,14.0,0.0,0.0,14.0,48.017344726437955,0.0,0.0,0.0,0.0,9.0,0.0,1.0,4.0,0.0,0.0,0.0,34.017344726437955,56154,0,0,0,49,UTAH
2026,492026,640.0,2088.662816757996,3.2635356511843683,1275.0,76.0,47.0,1152.0,1323.0203077170725,76.0,0.0,15.0,32.0,311.0,32.0,138.0,671.0,0.0,0.0,9.000412295570113,39.01989542150236,56154,0,0,0,49,UTAH
2027,492027,299.0,974.5916101863176,3.2595037129977174,407.0,77.0,0.0,330.0,427.01534583042906,75.0,2.0,0.0,0.0,84.0,10.0,9.0,227.0,2.006163328197226,0.0,0.0,18.00918250223186,67238,0,0,0,49,UTAH
2028,492028,739.0,2460.314146367089,3.3292478299960617,302.0,63.0,0.0,239.0,354.0445279042699,63.0,0.0,0.0,0.0,105.0,6.0,11.0,117.0,7.021571648690293,0.0,0.0,45.02295625557964,67238,0,0,0,49,UTAH
2029,492029,194.0,637.3687885457621,3.285406126524547,0.0,0.0,0.0,0.0,13.009203332253184,0.0,0.0,0.0,0.0,0.0,0.0,0.0,0.0,1.003081664098613,0.0,0.0,12.006121668154572,64876,0,0,0,49,UTAH
2030,492030,235.0,735.3576189177559,3.129181357096833,23.0,1.0,0.0,22.0,37.00714194618033,1.0,0.0,0.0,0.0,1.0,0.0,12.0,9.0,0.0,0.0,0.0,14.007141946180331,67878,0,0,0,49,UTAH
2031,492031,342.0,1151.148061307027,3.3659300038217173,147.0,23.0,15.0,109.0,168.0107129192705,23.0,0.0,3.0,12.0,65.0,3.0,12.0,29.0,0.0,0.0,0.0,21.0107129192705,72137,0,0,0,49,UTAH
2032,492032,548.0,1691.410801736399,3.086516061562772,289.0,40.0,6.0,243.0,322.0168345874251,40.0,0.0,1.0,5.0,4.0,49.0,23.0,167.0,0.0,0.0,0.0,33.01683458742507,63895,728,0,0,49,UTAH
2033,492033,0.0,0.0,0.0,1101.0,101.0,62.0,938.0,1101.0,38.0,63.0,9.0,53.0,405.0,97.0,152.0,284.0,0.0,0.0,0.0,0.0,69608,0,0,0,49,UTAH
2034,492034,371.0,1085.8221743923646,2.926744405370255,1008.0,227.0,110.0,671.0,1048.0125119778177,223.0,4.0,4.0,106.0,226.0,145.0,17.0,283.0,0.0,0.0,17.000778780521323,23.011733197296262,69608,0,0,0,49,UTAH
2035,492035,14.0,34.42850796853839,2.459179140609885,805.0,159.0,40.0,606.0,806.0005101390129,31.0,128.0,16.0,24.0,94.0,13.0,199.0,300.0,0.0,0.0,0.0,1.000510139012881,69608,0,0,0,49,UTAH
2036,492036,220.0,648.8449578686082,2.949295263039128,571.0,137.0,6.0,428.0,584.0066318071674,120.0,17.0,6.0,0.0,42.0,25.0,62.0,299.0,0.0,0.0,0.0,13.006631807167452,57320,0,0,0,49,UTAH
2037,492037,240.0,699.1635464380104,2.91318144349171,156.0,40.0,0.0,116.0,171.00765208519323,0.0,40.0,0.0,0.0,4.0,56.0,2.0,54.0,0.0,0.0,0.0,15.007652085193214,57320,0,0,0,49,UTAH
2038,492038,103.0,301.9115314164136,2.9311799166642096,1506.0,301.0,104.0,1101.0,1512.0030608340774,209.0,92.0,89.0,15.0,109.0,134.0,39.0,819.0,0.0,0.0,0.0,6.003060834077286,63944,0,0,2603,49,UTAH
2039,492039,233.0,668.2661674918862,2.8680951394501557,448.0,14.0,45.0,389.0,537.010577742598,13.0,1.0,4.0,41.0,71.0,87.0,104.0,127.0,0.0,0.0,75.0034357964176,14.007141946180331,50208,0,0,0,49,UTAH
2040,492040,213.0,603.8230628328272,2.834850060248015,816.0,33.0,19.0,764.0,837.0069982921186,26.0,7.0,19.0,0.0,69.0,80.0,98.0,517.0,0.0,0.0,8.000366484951211,13.006631807167452,53922,0,0,0,49,UTAH
2041,492041,215.0,627.658183734123,2.919340389461037,1182.0,287.0,53.0,842.0,1226.0080519363535,287.0,0.0,13.0,40.0,88.0,94.0,28.0,632.0,0.0,0.0,31.001420129185945,13.006631807167452,51682,654,0,0,49,UTAH
2042,492042,390.0,1106.1261662712463,2.836220939157042,64.0,1.0,5.0,58.0,88.01224333630914,1.0,0.0,0.0,5.0,3.0,34.0,0.0,21.0,0.0,0.0,0.0,24.012243336309144,48099,0,0,0,49,UTAH
2043,492043,119.0,349.5817732190052,2.937661959823573,350.0,65.0,10.0,275.0,357.0035709730902,65.0,0.0,1.0,9.0,43.0,15.0,68.0,149.0,0.0,0.0,0.0,7.003570973090167,61458,0,0,0,49,UTAH
2044,492044,235.0,778.6139494423297,3.313250848690765,49.0,13.0,3.0,33.0,63.00714194618033,13.0,0.0,0.0,3.0,13.0,7.0,0.0,13.0,0.0,0.0,0.0,14.007141946180331,58464,0,0,0,49,UTAH
2045,492045,241.0,822.7530622225072,3.4139131212552165,847.0,592.0,5.0,250.0,862.0076520851932,581.0,11.0,4.0,1.0,11.0,146.0,2.0,91.0,0.0,0.0,0.0,15.007652085193214,58464,0,1736,0,49,UTAH
2046,492046,174.0,436.9772165237565,2.5113633133549227,165.0,2.0,21.0,142.0,176.0056115291417,1.0,1.0,12.0,9.0,1.0,14.0,0.0,127.0,0.0,0.0,0.0,11.00561152914169,46499,0,0,0,49,UTAH
2047,492047,267.0,923.3902393613116,3.458390409592928,238.0,73.0,27.0,138.0,254.0081622242061,73.0,0.0,0.0,27.0,24.0,76.0,0.0,38.0,0.0,0.0,0.0,16.008162224206096,58464,663,0,0,49,UTAH
2048,492048,193.0,634.7204417789513,3.2887069522225456,245.0,28.0,9.0,208.0,257.00612166815455,28.0,0.0,1.0,8.0,13.0,67.0,0.0,128.0,0.0,0.0,0.0,12.006121668154572,58464,0,0,0,49,UTAH
2049,492049,419.0,1419.513867010506,3.387861257781637,86.0,2.0,4.0,80.0,115.02508013171648,2.0,0.0,0.0,4.0,13.0,1.0,43.0,23.0,4.012326656394453,0.0,0.0,25.012753475322025,58464,441,126,0,49,UTAH
2050,492050,448.0,1326.8217301721334,2.961655647705655,311.0,27.0,6.0,278.0,339.0168554174464,20.0,7.0,2.0,4.0,72.0,82.0,25.0,99.0,1.003081664098613,0.0,0.0,27.013773753347788,61139,0,0,0,49,UTAH
2051,492051,108.0,329.2777813401236,3.048868345741885,0.0,0.0,0.0,0.0,7.003570973090167,0.0,0.0,0.0,0.0,0.0,0.0,0.0,0.0,0.0,0.0,0.0,7.003570973090167,83594,0,0,0,49,UTAH
2052,492052,287.0,1017.8479407108914,3.5465085042191338,48.0,8.0,9.0,31.0,65.00867236321898,5.0,3.0,0.0,9.0,12.0,1.0,0.0,18.0,0.0,0.0,0.0,17.008672363218977,83594,0,0,0,49,UTAH
2053,492053,185.0,610.002538622052,3.29731101957866,0.0,0.0,0.0,0.0,13.011774857338917,0.0,0.0,0.0,0.0,0.0,0.0,0.0,0.0,2.006163328197226,0.0,0.0,11.00561152914169,58464,0,0,0,49,UTAH
2054,492054,367.0,1086.7049566479682,2.9610489281960986,1193.0,127.0,431.0,635.0,2058.370485201915,125.0,2.0,108.0,323.0,156.0,14.0,9.0,456.0,0.0,277.3333333333333,566.0259288102982,22.01122305828338,50523,0,0,0,49,UTAH
2055,492055,376.0,1246.4885449122105,3.3151291088090704,4.0,0.0,3.0,1.0,27.011733197296262,0.0,0.0,1.0,2.0,0.0,0.0,0.0,1.0,0.0,0.0,0.0,23.011733197296262,68293,0,0,0,49,UTAH
2056,492056,352.0,1133.4924161949564,3.220148909644762,241.0,10.0,9.0,222.0,264.01687624746774,10.0,0.0,0.0,9.0,72.0,40.0,7.0,103.0,2.006163328197226,0.0,0.0,21.0107129192705,68293,777,0,0,49,UTAH
2057,492057,472.0,1407.1549154320562,2.981260414050966,1468.0,756.0,35.0,677.0,1497.0147940313736,549.0,207.0,35.0,0.0,289.0,67.0,95.0,226.0,0.0,0.0,0.0,29.014794031373548,77518,0,0,0,49,UTAH
2058,492058,410.0,1250.902456190228,3.050981600463971,289.0,24.0,19.0,246.0,314.01275347532203,24.0,0.0,0.0,19.0,57.0,16.0,76.0,97.0,0.0,0.0,0.0,25.012753475322025,67320,0,0,0,49,UTAH
2059,492059,316.0,1089.3533034147788,3.4473205804265152,0.0,0.0,0.0,0.0,19.00969264124474,0.0,0.0,0.0,0.0,0.0,0.0,0.0,0.0,0.0,0.0,0.0,19.00969264124474,79366,0,0,0,49,UTAH
2060,492060,297.0,862.4782637246669,2.903967217928172,485.0,57.0,7.0,421.0,503.00918250223185,57.0,0.0,0.0,7.0,23.0,130.0,0.0,268.0,0.0,0.0,0.0,18.00918250223186,67320,0,1489,0,49,UTAH
2061,492061,332.0,1026.6757632669269,3.092396877310021,241.0,47.0,0.0,194.0,261.0102027802576,47.0,0.0,0.0,0.0,7.0,64.0,5.0,118.0,0.0,0.0,0.0,20.01020278025762,61246,869,0,0,49,UTAH
2062,492062,546.0,1889.1540269915936,3.4599890604241645,0.0,0.0,0.0,0.0,33.01683458742507,0.0,0.0,0.0,0.0,0.0,0.0,0.0,0.0,0.0,0.0,0.0,33.01683458742507,107969,0,0,0,49,UTAH
2063,492063,425.0,1265.9097545354884,2.978611187142325,0.0,0.0,0.0,0.0,26.013263614334907,0.0,0.0,0.0,0.0,0.0,0.0,0.0,0.0,0.0,0.0,0.0,26.013263614334907,84379,0,0,0,49,UTAH
2064,492064,385.0,1104.3606017600391,2.868469095480621,0.0,0.0,0.0,0.0,23.011733197296262,0.0,0.0,0.0,0.0,0.0,0.0,0.0,0.0,0.0,0.0,0.0,23.011733197296262,84379,0,0,0,49,UTAH
2065,492065,247.0,680.6251190703359,2.7555672836855707,0.0,0.0,0.0,0.0,15.007652085193214,0.0,0.0,0.0,0.0,0.0,0.0,0.0,0.0,0.0,0.0,0.0,15.007652085193214,72928,0,0,0,49,UTAH
2066,492066,560.0,1751.4399951174405,3.127571419852572,0.0,0.0,0.0,0.0,34.017344726437955,0.0,0.0,0.0,0.0,0.0,0.0,0.0,0.0,0.0,0.0,0.0,34.017344726437955,71647,0,0,0,49,UTAH
2067,492067,377.0,1272.972012580317,3.3765835877461985,237.0,69.0,97.0,71.0,307.01388629638467,69.0,0.0,34.0,63.0,30.0,2.0,0.0,39.0,0.0,0.0,47.00215309908837,23.011733197296262,66950,0,0,0,49,UTAH
2068,492068,356.0,1224.4189885221217,3.439379181241915,0.0,0.0,0.0,0.0,91.3445563916167,0.0,0.0,0.0,0.0,0.0,0.0,0.0,0.0,0.0,69.33333333333333,0.0,22.01122305828338,78762,0,0,0,49,UTAH
2069,492069,266.0,844.8226186125959,3.17602488200224,0.0,0.0,0.0,0.0,16.008162224206096,0.0,0.0,0.0,0.0,0.0,0.0,0.0,0.0,0.0,0.0,0.0,16.008162224206096,85103,0,0,0,49,UTAH
2070,492070,365.0,1207.6461256656544,3.308619522371656,0.0,0.0,0.0,0.0,32.67788972495005,0.0,0.0,0.0,0.0,0.0,0.0,0.0,0.0,0.0,10.666666666666666,0.0,22.01122305828338,81405,0,0,0,49,UTAH
2071,492071,202.0,642.6654820793833,3.1815122875216995,960.0,392.0,0.0,568.0,972.0061216681546,392.0,0.0,0.0,0.0,35.0,258.0,3.0,272.0,0.0,0.0,0.0,12.006121668154572,85346,0,0,0,49,UTAH
2072,492072,481.0,1576.6491085079376,3.2778567744447766,314.0,31.0,0.0,283.0,343.0147940313735,31.0,0.0,0.0,0.0,17.0,69.0,9.0,188.0,0.0,0.0,0.0,29.014794031373548,108034,986,0,0,49,UTAH
2073,492073,347.0,1158.2103193518556,3.3377819001494395,339.0,92.0,8.0,239.0,360.0107129192705,91.0,1.0,0.0,8.0,62.0,23.0,41.0,113.0,0.0,0.0,0.0,21.0107129192705,108034,0,0,0,49,UTAH
2074,492074,131.0,387.5414102099578,2.958331375648533,1084.0,386.0,3.0,695.0,1370.0168164641577,326.0,60.0,3.0,0.0,103.0,56.0,139.0,397.0,0.0,0.0,278.0127353520546,8.004081112103048,83281,0,0,0,49,UTAH
2075,492075,225.0,725.6470141061169,3.225097840471631,504.0,63.0,4.0,437.0,518.0071419461804,57.0,6.0,3.0,1.0,90.0,80.0,86.0,181.0,0.0,0.0,0.0,14.007141946180331,81405,526,226,0,49,UTAH
2076,492076,312.0,981.653868231146,3.146326500740852,40.0,0.0,0.0,40.0,59.00969264124474,0.0,0.0,0.0,0.0,6.0,2.0,5.0,27.0,0.0,0.0,0.0,19.00969264124474,85346,0,0,0,49,UTAH
2077,492077,421.0,1335.6495527281688,3.1725642582616835,288.0,28.0,1.0,259.0,314.0132636143349,3.0,25.0,1.0,0.0,62.0,8.0,87.0,102.0,0.0,0.0,0.0,26.013263614334907,108034,0,0,0,49,UTAH
2078,492078,211.0,645.3138288461939,3.058359378417981,164.0,0.0,0.0,164.0,177.00663180716745,0.0,0.0,0.0,0.0,31.0,2.0,0.0,131.0,0.0,0.0,0.0,13.006631807167452,108034,0,0,0,49,UTAH
2079,492079,0.0,0.0,0.0,2540.0,35.0,1740.0,765.0,2540.0,0.0,35.0,1704.0,36.0,254.0,52.0,298.0,161.0,0.0,0.0,0.0,0.0,146773,0,0,0,49,UTAH
2080,492080,0.0,0.0,0.0,701.0,5.0,106.0,590.0,711.0126015201079,2.0,3.0,103.0,3.0,236.0,73.0,185.0,96.0,4.012326656394453,0.0,6.0002748637134085,0.0,146773,0,0,0,49,UTAH
2081,492081,43.0,118.2928222508755,2.7509958662994305,402.0,17.0,8.0,377.0,409.0138570734331,17.0,0.0,0.0,8.0,30.0,103.0,0.0,244.0,4.012326656394453,0.0,0.0,3.001530417038643,101374,0,0,0,49,UTAH
2082,492082,522.0,1642.8577776782038,3.147237121988896,38.0,1.0,3.0,34.0,70.01632444841219,1.0,0.0,0.0,3.0,2.0,3.0,0.0,29.0,0.0,0.0,0.0,32.01632444841219,101374,0,0,0,49,UTAH
2083,492083,46.0,122.70673352889324,2.6675376854107227,91.0,6.0,28.0,57.0,1113.0664265585774,0.0,6.0,28.0,0.0,0.0,32.0,0.0,25.0,6.01848998459168,0.0,1013.0464061569471,3.001530417038643,114701,0,0,0,49,UTAH
2084,492084,532.0,1571.3524149743164,2.9536699529592414,0.0,0.0,0.0,0.0,33.01940611251081,0.0,0.0,0.0,0.0,0.0,0.0,0.0,0.0,1.003081664098613,0.0,0.0,32.01632444841219,101374,0,0,0,49,UTAH
2085,492085,0.0,0.0,0.0,3204.0,49.0,25.0,3130.0,3205.0030816640988,49.0,0.0,18.0,7.0,3001.0,60.0,60.0,9.0,1.003081664098613,0.0,0.0,0.0,53998,897,0,0,49,UTAH
2086,492086,728.0,2221.962937354132,3.052146891969961,0.0,0.0,0.0,0.0,44.02244611656676,0.0,0.0,0.0,0.0,0.0,0.0,0.0,0.0,0.0,0.0,0.0,44.02244611656676,53998,0,0,0,49,UTAH
2087,492087,0.0,0.0,0.0,1237.0,4.0,1.0,1232.0,1438.0122437878788,1.0,3.0,1.0,0.0,288.0,86.0,840.0,18.0,1.003081664098613,0.0,200.00916212378027,0.0,53998,0,0,0,49,UTAH
2088,492088,1.0,3.531129022414194,3.531129022414194,1144.0,21.0,42.0,1081.0,1144.0,19.0,2.0,15.0,27.0,509.0,127.0,181.0,264.0,0.0,0.0,0.0,0.0,53998,1104,0,0,49,UTAH
2089,492089,0.0,0.0,0.0,3271.0,171.0,11.0,3089.0,3679.0217265859915,89.0,82.0,10.0,1.0,1183.0,374.0,478.0,1054.0,1.003081664098613,0.0,407.01864492189287,0.0,53998,0,0,0,49,UTAH
2090,492090,0.0,0.0,0.0,1241.0,590.0,1.0,650.0,1369.008899612699,258.0,332.0,1.0,0.0,343.0,53.0,74.0,180.0,1.003081664098613,0.0,127.00581794860048,0.0,53998,0,0,0,49,UTAH
2091,492091,0.0,0.0,0.0,932.0,16.0,62.0,854.0,932.0,11.0,5.0,13.0,49.0,581.0,67.0,51.0,155.0,0.0,0.0,0.0,0.0,66320,0,0,0,49,UTAH
2092,492092,279.0,892.4928604151876,3.1988991412730736,401.0,12.0,13.0,376.0,420.0148356914162,12.0,0.0,5.0,8.0,195.0,9.0,60.0,112.0,2.006163328197226,0.0,0.0,17.008672363218977,66320,0,0,0,49,UTAH
2093,492093,0.0,0.0,0.0,358.0,0.0,0.0,358.0,358.0,0.0,0.0,0.0,0.0,209.0,77.0,0.0,72.0,0.0,0.0,0.0,0.0,66320,0,0,0,49,UTAH
2094,492094,487.0,1581.9458020415589,3.248348669489854,111.0,3.0,2.0,106.0,5057.240509172905,3.0,0.0,1.0,1.0,75.0,4.0,0.0,27.0,0.0,0.0,4916.225205002519,30.01530417038643,75045,0,0,0,49,UTAH
2095,492095,0.0,0.0,0.0,3214.0,133.0,2.0,3079.0,3214.0,122.0,11.0,2.0,0.0,2271.0,192.0,30.0,586.0,0.0,0.0,0.0,0.0,66320,0,0,0,49,UTAH
2096,492096,0.0,0.0,0.0,2434.0,71.0,115.0,2248.0,2435.0030816640988,36.0,35.0,70.0,45.0,1537.0,93.0,26.0,592.0,1.003081664098613,0.0,0.0,0.0,66320,0,0,0,49,UTAH
2097,492097,0.0,0.0,0.0,487.0,7.0,7.0,473.0,487.0,2.0,5.0,4.0,3.0,232.0,164.0,3.0,74.0,0.0,0.0,0.0,0.0,66320,0,0,0,49,UTAH
2098,492098,0.0,0.0,0.0,3726.0,149.0,293.0,3284.0,3726.0,65.0,84.0,147.0,146.0,2858.0,8.0,14.0,404.0,0.0,0.0,0.0,0.0,66320,0,0,0,49,UTAH
2099,492099,0.0,0.0,0.0,1493.0,182.0,181.0,1130.0,1493.0,0.0,182.0,119.0,62.0,784.0,242.0,90.0,14.0,0.0,0.0,0.0,0.0,66320,0,0,0,49,UTAH
2100,492100,0.0,0.0,0.0,1080.0,16.0,756.0,308.0,1080.0,14.0,2.0,363.0,393.0,141.0,91.0,10.0,66.0,0.0,0.0,0.0,0.0,66320,0,0,0,49,UTAH
2101,492101,159.0,495.2408453935907,3.114722298072897,5435.0,95.0,217.0,5123.0,5445.005101390128,33.0,62.0,209.0,8.0,1807.0,2075.0,796.0,445.0,0.0,0.0,0.0,10.00510139012881,75045,0,0,0,49,UTAH
2102,492102,0.0,0.0,0.0,252.0,222.0,2.0,28.0,252.0,0.0,222.0,2.0,0.0,25.0,3.0,0.0,0.0,0.0,0.0,0.0,0.0,53063,0,0,0,49,UTAH
2103,492103,381.0,1169.686488674702,3.0700432773614224,1246.0,242.0,15.0,989.0,1312.013703053909,62.0,180.0,13.0,2.0,729.0,14.0,75.0,171.0,0.0,0.0,43.00196985661276,23.011733197296262,53063,0,0,0,49,UTAH
2104,492104,817.0,2610.3871298196927,3.1950882861930143,1109.0,51.0,109.0,949.0,1159.025506950644,33.0,18.0,60.0,49.0,625.0,64.0,173.0,87.0,0.0,0.0,0.0,50.02550695064405,53063,0,0,271,49,UTAH
2105,492105,1.0,1.765564511207097,1.765564511207097,48.0,1.0,4.0,43.0,48.0,1.0,0.0,2.0,2.0,14.0,1.0,24.0,4.0,0.0,0.0,0.0,0.0,53063,0,0,0,49,UTAH
2106,492106,186.0,568.5117726086852,3.0565149064983075,2483.0,25.0,2.0,2456.0,2494.005611529142,1.0,24.0,2.0,0.0,2172.0,218.0,50.0,16.0,0.0,0.0,0.0,11.00561152914169,101374,0,0,0,49,UTAH
2107,492107,56.0,205.6882655556268,3.673004742064765,1234.0,603.0,11.0,620.0,1237.0015304170386,213.0,390.0,11.0,0.0,331.0,99.0,100.0,90.0,0.0,0.0,0.0,3.001530417038643,101374,0,0,0,49,UTAH
2108,492108,746.0,2175.175477807144,2.91578482279778,76.0,0.0,1.0,75.0,121.02295625557964,0.0,0.0,1.0,0.0,39.0,36.0,0.0,0.0,0.0,0.0,0.0,45.02295625557964,101374,0,0,0,49,UTAH
2109,492109,169.0,498.7719744160049,2.9513134580828693,0.0,0.0,0.0,0.0,10.00510139012881,0.0,0.0,0.0,0.0,0.0,0.0,0.0,0.0,0.0,0.0,0.0,10.00510139012881,101374,0,0,0,49,UTAH
2110,492110,389.0,1224.4189885221217,3.1476066542985133,162.0,84.0,1.0,77.0,186.01224333630915,81.0,3.0,1.0,0.0,20.0,32.0,12.0,13.0,0.0,0.0,0.0,24.012243336309144,101374,0,0,0,49,UTAH
2111,492111,798.0,2370.270356295528,2.9702636043803605,0.0,0.0,0.0,0.0,49.02499681163117,0.0,0.0,0.0,0.0,0.0,0.0,0.0,0.0,0.0,0.0,0.0,49.02499681163117,101910,0,0,0,49,UTAH
2112,492112,0.0,0.0,0.0,3697.0,925.0,19.0,2753.0,3697.0,608.0,317.0,15.0,4.0,2170.0,128.0,33.0,422.0,0.0,0.0,0.0,0.0,101942,0,0,0,49,UTAH
2113,492113,0.0,0.0,0.0,2207.0,410.0,6.0,1791.0,2207.0,150.0,260.0,5.0,1.0,1523.0,13.0,5.0,250.0,0.0,0.0,0.0,0.0,101942,0,0,0,49,UTAH
2114,492114,698.0,2071.8899539015283,2.968323716191301,241.0,1.0,18.0,222.0,283.021425838541,1.0,0.0,0.0,18.0,30.0,63.0,5.0,124.0,0.0,0.0,0.0,42.021425838541,101374,1062,0,0,49,UTAH
2115,492115,322.0,1018.730722966495,3.1637600092127176,0.0,0.0,0.0,0.0,20.01020278025762,0.0,0.0,0.0,0.0,0.0,0.0,0.0,0.0,0.0,0.0,0.0,20.01020278025762,101910,0,0,0,49,UTAH
2116,492116,0.0,0.0,0.0,2195.0,48.0,90.0,2057.0,3203.058320517772,46.0,2.0,81.0,9.0,880.0,54.0,862.0,261.0,4.012326656394453,0.0,1004.045993861377,0.0,101942,0,0,0,49,UTAH
2117,492117,2065.0,6242.153329372692,3.0228345420691,21.0,2.0,0.0,19.0,147.06427751562302,2.0,0.0,0.0,0.0,6.0,0.0,3.0,10.0,0.0,0.0,0.0,126.064277515623,101374,0,0,0,49,UTAH
2118,492118,0.0,0.0,0.0,5.0,3.0,0.0,2.0,5.0,3.0,0.0,0.0,0.0,0.0,0.0,0.0,2.0,0.0,0.0,0.0,0.0,101374,0,0,0,49,UTAH
2119,492119,1594.0,4978.891921604014,3.123520653452957,219.0,170.0,1.0,48.0,316.04948348424944,170.0,0.0,0.0,1.0,23.0,4.0,6.0,15.0,0.0,0.0,0.0,97.04948348424944,100789,0,0,0,49,UTAH
2120,492120,843.0,2695.134226357633,3.1970750016104788,2.0,1.0,0.0,1.0,57.03834374605138,1.0,0.0,0.0,0.0,0.0,0.0,0.0,1.0,4.012326656394453,0.0,0.0,51.02601708965693,114503,932,0,0,49,UTAH
2121,492121,565.0,1897.0990672920257,3.3576974642336737,0.0,0.0,0.0,0.0,34.017344726437955,0.0,0.0,0.0,0.0,0.0,0.0,0.0,0.0,0.0,0.0,0.0,34.017344726437955,120774,0,0,0,49,UTAH
2122,492122,417.0,1287.0965286699736,3.0865624188728384,5.0,1.0,0.0,4.0,30.012753475322025,1.0,0.0,0.0,0.0,1.0,0.0,0.0,3.0,0.0,0.0,0.0,25.012753475322025,91468,0,0,0,49,UTAH
2123,492123,710.0,2184.003300363179,3.0760609864270125,464.0,19.0,62.0,383.0,507.0219359775539,19.0,0.0,3.0,59.0,71.0,72.0,53.0,187.0,0.0,0.0,0.0,43.02193597755388,133923,0,0,0,49,UTAH
2124,492124,148.0,453.750079380224,3.065878914731243,0.0,0.0,0.0,0.0,10.007672915214542,0.0,0.0,0.0,0.0,0.0,0.0,0.0,0.0,1.003081664098613,0.0,0.0,9.00459125111593,101033,0,0,0,49,UTAH
2125,492125,266.0,858.9471347022527,3.2291245665498223,1331.0,75.0,164.0,1092.0,1350.0174072165019,43.0,32.0,134.0,30.0,239.0,219.0,178.0,456.0,3.00924499229584,0.0,0.0,16.008162224206096,101033,748,1393,0,49,UTAH
2126,492126,242.0,821.8702799669037,3.3961581816814204,0.0,0.0,0.0,0.0,15.007652085193214,0.0,0.0,0.0,0.0,0.0,0.0,0.0,0.0,0.0,0.0,0.0,15.007652085193214,146773,0,0,0,49,UTAH
2127,492127,443.0,1461.0046330238729,3.297978855584363,284.0,107.0,10.0,167.0,899.0437462507416,36.0,71.0,5.0,5.0,21.0,4.0,22.0,120.0,1.003081664098613,0.0,587.0268908332952,27.013773753347788,92413,0,0,0,49,UTAH
2128,492128,408.0,1305.6349560376482,3.200085676562863,0.0,0.0,0.0,0.0,26.015835139420638,0.0,0.0,0.0,0.0,0.0,0.0,0.0,0.0,1.003081664098613,0.0,0.0,25.012753475322025,133704,0,0,0,49,UTAH
2129,492129,445.0,1485.722536180772,3.338702328496117,202.0,4.0,87.0,111.0,229.01377375334778,4.0,0.0,0.0,87.0,15.0,48.0,1.0,47.0,0.0,0.0,0.0,27.013773753347788,57418,0,0,0,49,UTAH
2130,492130,281.0,852.7676589130278,3.0347603520036577,0.0,0.0,0.0,0.0,17.008672363218977,0.0,0.0,0.0,0.0,0.0,0.0,0.0,0.0,0.0,0.0,0.0,17.008672363218977,132458,0,0,0,49,UTAH
2131,492131,183.0,606.4714095996378,3.314051418577256,606.0,28.0,48.0,530.0,617.0056115291417,27.0,1.0,9.0,39.0,101.0,115.0,82.0,232.0,0.0,0.0,0.0,11.00561152914169,77352,537,230,0,49,UTAH
2132,492132,321.0,1012.5512471772702,3.154365256003957,243.0,87.0,19.0,137.0,263.0102027802576,80.0,7.0,15.0,4.0,16.0,54.0,4.0,63.0,0.0,0.0,0.0,20.01020278025762,69098,649,0,0,49,UTAH
2133,492133,497.0,1589.890842341991,3.1989755379114504,107.0,2.0,1.0,104.0,137.01530417038643,2.0,0.0,0.0,1.0,22.0,4.0,59.0,19.0,0.0,0.0,0.0,30.01530417038643,109592,0,0,0,49,UTAH
2134,492134,259.0,836.877578312164,3.2311875610508265,0.0,0.0,0.0,0.0,16.008162224206096,0.0,0.0,0.0,0.0,0.0,0.0,0.0,0.0,0.0,0.0,0.0,16.008162224206096,104961,0,0,0,49,UTAH
2135,492135,297.0,915.4451990608798,3.0823070675450497,0.0,0.0,0.0,0.0,18.00918250223186,0.0,0.0,0.0,0.0,0.0,0.0,0.0,0.0,0.0,0.0,0.0,18.00918250223186,104043,0,0,0,49,UTAH
2136,492136,255.0,858.0643524466492,3.3649582448888204,46.0,4.0,0.0,42.0,62.008162224206096,4.0,0.0,0.0,0.0,3.0,2.0,0.0,37.0,0.0,0.0,0.0,16.008162224206096,79245,0,0,0,49,UTAH
2137,492137,294.0,932.2180619173472,3.170809734412745,0.0,0.0,0.0,0.0,18.00918250223186,0.0,0.0,0.0,0.0,0.0,0.0,0.0,0.0,0.0,0.0,0.0,18.00918250223186,79245,0,0,0,49,UTAH
2138,492138,216.0,652.3760868910224,3.0202596615325112,0.0,0.0,0.0,0.0,13.006631807167452,0.0,0.0,0.0,0.0,0.0,0.0,0.0,0.0,0.0,0.0,0.0,13.006631807167452,79245,0,0,0,49,UTAH
2139,492139,485.0,1762.0333821846828,3.633058519968418,0.0,0.0,0.0,0.0,30.01530417038643,0.0,0.0,0.0,0.0,0.0,0.0,0.0,0.0,0.0,0.0,0.0,30.01530417038643,125487,0,0,0,49,UTAH
2140,492140,314.0,1126.430158150128,3.587357191560917,262.0,23.0,19.0,220.0,281.0096926412447,23.0,0.0,1.0,18.0,81.0,59.0,0.0,80.0,0.0,0.0,0.0,19.00969264124474,86568,838,0,0,49,UTAH
2141,492141,397.0,1200.583867620826,3.0241407244857075,58.0,3.0,0.0,55.0,82.01224333630914,0.0,3.0,0.0,0.0,0.0,17.0,0.0,38.0,0.0,0.0,0.0,24.012243336309144,95947,0,0,0,49,UTAH
2142,492142,525.0,1534.2755602389673,2.922429638550414,794.0,227.0,2.0,565.0,826.0163244484122,32.0,195.0,1.0,1.0,32.0,177.0,32.0,324.0,0.0,0.0,0.0,32.01632444841219,95947,0,0,0,49,UTAH
2143,492143,285.0,873.954433047513,3.0665067826228527,194.0,4.0,6.0,184.0,211.00867236321898,4.0,0.0,0.0,6.0,29.0,8.0,26.0,121.0,0.0,0.0,0.0,17.008672363218977,110551,0,0,0,49,UTAH
2144,492144,365.0,1321.525036638512,3.6206165387356495,179.0,14.0,15.0,150.0,204.0204680505792,14.0,0.0,1.0,14.0,5.0,45.0,2.0,98.0,3.00924499229584,0.0,0.0,22.01122305828338,108776,1113,0,0,49,UTAH
2145,492145,424.0,1513.9715683600857,3.5706876612266174,0.0,0.0,0.0,0.0,29.022508606630748,0.0,0.0,0.0,0.0,0.0,0.0,0.0,0.0,3.00924499229584,0.0,0.0,26.013263614334907,111361,0,0,0,49,UTAH
2146,492146,423.0,1279.1514883695418,3.02399879047173,504.0,64.0,107.0,333.0,531.0163452784335,63.0,1.0,0.0,107.0,41.0,133.0,5.0,154.0,1.003081664098613,0.0,0.0,26.013263614334907,69844,0,1408,0,49,UTAH
2147,492147,269.0,829.8153202673356,3.0848153169789425,0.0,0.0,0.0,0.0,16.008162224206096,0.0,0.0,0.0,0.0,0.0,0.0,0.0,0.0,0.0,0.0,0.0,16.008162224206096,109543,0,0,0,49,UTAH
2148,492148,191.0,552.6216920078214,2.8933072879990647,0.0,0.0,0.0,0.0,12.006121668154572,0.0,0.0,0.0,0.0,0.0,0.0,0.0,0.0,0.0,0.0,0.0,12.006121668154572,69844,0,0,0,49,UTAH
2149,492149,533.0,1839.718220677795,3.451628931853274,121.0,5.0,6.0,110.0,155.0224877766094,5.0,0.0,1.0,5.0,33.0,11.0,14.0,52.0,2.006163328197226,0.0,0.0,32.01632444841219,78089,0,0,0,49,UTAH
2150,492150,389.0,1350.6568510734292,3.472125581165628,743.0,24.0,13.0,706.0,767.0122433363091,24.0,0.0,0.0,13.0,179.0,260.0,2.0,265.0,0.0,0.0,0.0,24.012243336309144,76025,790,1900,0,49,UTAH
2151,492151,666.0,2113.380719914895,3.173244324196539,10.0,3.0,5.0,2.0,52.023997363626734,3.0,0.0,3.0,2.0,1.0,0.0,0.0,1.0,1.003081664098613,0.0,0.0,41.02091569952812,88879,0,0,0,49,UTAH
2152,492152,335.0,1115.8367710828852,3.3308560330832395,0.0,0.0,0.0,0.0,20.01020278025762,0.0,0.0,0.0,0.0,0.0,0.0,0.0,0.0,0.0,0.0,0.0,20.01020278025762,68630,0,0,0,49,UTAH
2153,492153,369.0,1171.4520531859089,3.174666810801921,0.0,0.0,0.0,0.0,22.01122305828338,0.0,0.0,0.0,0.0,0.0,0.0,0.0,0.0,0.0,0.0,0.0,22.01122305828338,68985,0,0,0,49,UTAH
2154,492154,459.0,1367.4297139298967,2.979149703550973,0.0,0.0,0.0,0.0,28.014283892360663,0.0,0.0,0.0,0.0,0.0,0.0,0.0,0.0,0.0,0.0,0.0,28.014283892360663,70528,0,0,0,49,UTAH
2155,492155,270.0,974.5916101863176,3.6095985562456208,0.0,0.0,0.0,0.0,16.008162224206096,0.0,0.0,0.0,0.0,0.0,0.0,0.0,0.0,0.0,0.0,0.0,16.008162224206096,71919,0,0,0,49,UTAH
2156,492156,375.0,1325.9389479165295,3.5358371944440794,53.0,3.0,14.0,36.0,76.01173319729627,3.0,0.0,0.0,14.0,6.0,1.0,0.0,29.0,0.0,0.0,0.0,23.011733197296262,77216,0,0,0,49,UTAH
2157,492157,228.0,833.3464492897498,3.655028286358552,744.0,383.0,5.0,356.0,758.0071419461804,327.0,56.0,2.0,3.0,48.0,42.0,130.0,136.0,0.0,0.0,0.0,14.007141946180331,71919,0,0,0,49,UTAH
2158,492158,514.0,1817.6486642877064,3.5362814480305573,0.0,0.0,0.0,0.0,31.01581430939931,0.0,0.0,0.0,0.0,0.0,0.0,0.0,0.0,0.0,0.0,0.0,31.01581430939931,76749,0,0,0,49,UTAH
2159,492159,395.0,1406.2721331764528,3.560182615636589,78.0,1.0,0.0,77.0,102.01224333630914,1.0,0.0,0.0,0.0,9.0,35.0,3.0,30.0,0.0,0.0,0.0,24.012243336309144,69778,0,0,0,49,UTAH
2160,492160,99.0,276.3108460039107,2.791018646504148,964.0,105.0,91.0,768.0,975.0184691545703,105.0,0.0,0.0,91.0,67.0,368.0,2.0,331.0,5.015408320493067,0.0,0.0,6.003060834077286,110551,0,0,2505,49,UTAH
2161,492161,754.0,2344.669670883025,3.109641473319662,982.0,108.0,38.0,836.0,1065.0281972409716,107.0,1.0,6.0,32.0,65.0,157.0,159.0,455.0,1.003081664098613,0.0,36.00164918228045,46.023466394592525,59555,1759,0,0,49,UTAH
2162,492162,448.0,1441.5834234005947,3.2178201415191845,58.0,4.0,10.0,44.0,85.01377375334779,4.0,0.0,0.0,10.0,23.0,2.0,2.0,17.0,0.0,0.0,0.0,27.013773753347788,62168,0,0,0,49,UTAH
2163,492163,535.0,1688.7624549695884,3.156565336391754,0.0,0.0,0.0,0.0,33.01683458742507,0.0,0.0,0.0,0.0,0.0,0.0,0.0,0.0,0.0,0.0,0.0,33.01683458742507,90436,0,0,0,49,UTAH
2164,492164,155.0,484.6474583263481,3.126757795653859,1224.0,0.0,2.0,1222.0,1236.0138362434118,0.0,0.0,1.0,1.0,2.0,355.0,584.0,281.0,3.00924499229584,0.0,0.0,9.00459125111593,70528,0,0,0,49,UTAH
2165,492165,797.0,2703.962048913669,3.392675092739861,1036.0,194.0,42.0,800.0,1085.0249968116311,194.0,0.0,0.0,42.0,210.0,205.0,33.0,352.0,0.0,0.0,0.0,49.02499681163117,93888,1112,429,132,49,UTAH
2166,492166,569.0,1934.1759220273748,3.399254696005931,299.0,6.0,15.0,278.0,334.01785486545083,6.0,0.0,1.0,14.0,37.0,72.0,26.0,143.0,0.0,0.0,0.0,35.01785486545084,113975,291,83,0,49,UTAH
2167,492167,667.0,2053.3515265338538,3.078488045777892,381.0,118.0,2.0,261.0,422.02091569952813,87.0,31.0,0.0,2.0,58.0,14.0,97.0,92.0,0.0,0.0,0.0,41.02091569952812,67277,0,0,0,49,UTAH
2168,492168,524.0,1662.278987301482,3.172288143705118,487.0,7.0,11.0,469.0,519.0163244484122,7.0,0.0,0.0,11.0,9.0,173.0,1.0,286.0,0.0,0.0,0.0,32.01632444841219,50173,903,0,0,49,UTAH
2169,492169,617.0,1820.297011054517,2.9502382675113727,117.0,2.0,4.0,111.0,155.01938528248948,2.0,0.0,1.0,3.0,44.0,4.0,21.0,42.0,0.0,0.0,0.0,38.01938528248948,58239,0,0,0,49,UTAH
2170,492170,729.0,2237.8530179549957,3.069757226275714,442.0,10.0,23.0,409.0,486.02244611656675,10.0,0.0,6.0,17.0,103.0,131.0,9.0,166.0,0.0,0.0,0.0,44.02244611656676,87354,0,0,2322,49,UTAH
2171,492171,303.0,862.4782637246669,2.846462916583059,3611.0,1601.0,446.0,1564.0,3629.009182502232,968.0,633.0,214.0,232.0,440.0,196.0,150.0,778.0,0.0,0.0,0.0,18.00918250223186,37614,0,0,0,49,UTAH
2172,492172,0.0,0.0,0.0,1981.0,1115.0,0.0,866.0,1981.0,603.0,512.0,0.0,0.0,460.0,15.0,37.0,354.0,0.0,0.0,0.0,0.0,37614,0,0,0,49,UTAH
2173,492173,480.0,1430.1072540777486,2.979390112661976,1009.0,309.0,34.0,666.0,1038.0147940313736,177.0,132.0,24.0,10.0,141.0,69.0,61.0,395.0,0.0,0.0,0.0,29.014794031373548,37614,0,0,0,49,UTAH
2174,492174,336.0,996.6611665764062,2.96625347195359,168.0,3.0,1.0,164.0,188.01020278025763,3.0,0.0,0.0,1.0,9.0,45.0,64.0,46.0,0.0,0.0,0.0,20.01020278025762,55183,1,0,0,49,UTAH
2175,492175,245.0,602.9402805772236,2.460980737049892,615.0,81.0,49.0,485.0,630.0076520851932,36.0,45.0,36.0,13.0,38.0,61.0,81.0,305.0,0.0,0.0,0.0,15.007652085193214,34373,518,0,0,49,UTAH
2176,492176,851.0,2147.8092278834333,2.523865132647982,450.0,21.0,15.0,414.0,534.0265272286698,21.0,0.0,0.0,15.0,107.0,69.0,91.0,147.0,0.0,32.0,0.0,52.02652722866981,62418,681,46,46,49,UTAH
2177,492177,17.0,39.725201502159685,2.33677655895057,1234.0,159.0,96.0,979.0,1235.000510139013,128.0,31.0,16.0,80.0,193.0,133.0,94.0,559.0,0.0,0.0,0.0,1.000510139012881,49649,0,0,0,49,UTAH
2178,492178,162.0,360.1751602862478,2.223303458557085,821.0,93.0,86.0,642.0,831.0051013901289,33.0,60.0,28.0,58.0,65.0,6.0,268.0,303.0,0.0,0.0,0.0,10.00510139012881,34571,0,0,0,49,UTAH
2179,492179,534.0,1280.9170528807488,2.398721072810391,1266.0,412.0,50.0,804.0,1668.0332743774059,8.0,404.0,11.0,39.0,209.0,90.0,253.0,252.0,0.0,0.0,370.01694992899354,32.01632444841219,27941,0,0,0,49,UTAH
2180,492180,128.0,326.6294345733129,2.5517924576040074,529.0,367.0,0.0,162.0,537.004081112103,229.0,138.0,0.0,0.0,27.0,8.0,4.0,123.0,0.0,0.0,0.0,8.004081112103048,49649,0,0,0,49,UTAH
2181,492181,440.0,1280.9170528807488,2.91117512018352,398.0,79.0,9.0,310.0,425.0137737533478,60.0,19.0,8.0,1.0,10.0,74.0,27.0,199.0,0.0,0.0,0.0,27.013773753347788,49536,610,0,0,49,UTAH
2182,492182,83.0,228.64060420131904,2.7547060747146874,691.0,67.0,22.0,602.0,696.0025506950644,55.0,12.0,20.0,2.0,168.0,133.0,49.0,252.0,0.0,0.0,0.0,5.002550695064405,49609,0,0,0,49,UTAH
2183,492183,668.0,1720.542616171316,2.575662599058856,908.0,375.0,39.0,494.0,949.0209156995281,103.0,272.0,9.0,30.0,74.0,10.0,229.0,181.0,0.0,0.0,0.0,41.02091569952812,48381,0,0,0,49,UTAH
2184,492184,1529.0,4077.5712386327914,2.666822262022754,2002.0,394.0,93.0,1515.0,2095.047442928198,127.0,267.0,1.0,92.0,364.0,126.0,174.0,851.0,0.0,0.0,0.0,93.04744292819794,48381,303,130,130,49,UTAH
2185,492185,592.0,1319.7594721273051,2.2293234326474747,339.0,86.0,19.0,234.0,375.0183650044637,84.0,2.0,0.0,19.0,49.0,10.0,28.0,147.0,0.0,0.0,0.0,36.01836500446372,48122,0,0,0,49,UTAH
2186,492186,466.0,1232.3640288225538,2.644558001765137,3308.0,271.0,436.0,2601.0,3336.0142838923607,188.0,83.0,218.0,218.0,1814.0,334.0,55.0,398.0,0.0,0.0,0.0,28.014283892360663,48381,641,29,0,49,UTAH
2187,492187,920.0,2214.0178970536995,2.4065411924496733,484.0,125.0,14.0,345.0,540.0285677847213,44.0,81.0,14.0,0.0,184.0,11.0,14.0,136.0,0.0,0.0,0.0,56.02856778472133,48122,12,42,40,49,UTAH
2188,492188,116.0,287.78701532675683,2.480922545920317,1807.0,151.0,64.0,1592.0,1814.00357097309,108.0,43.0,22.0,42.0,1160.0,68.0,48.0,316.0,0.0,0.0,0.0,7.003570973090167,67992,0,0,0,49,UTAH
2189,492189,80.0,225.9922574345084,2.824903217931355,291.0,54.0,1.0,236.0,296.00255069506443,54.0,0.0,0.0,1.0,17.0,2.0,3.0,214.0,0.0,0.0,0.0,5.002550695064405,69608,0,0,0,49,UTAH
2190,492190,555.0,1773.5095515075288,3.1955127054189707,221.0,16.0,1.0,204.0,255.01734472643795,15.0,1.0,1.0,0.0,34.0,1.0,18.0,151.0,0.0,0.0,0.0,34.017344726437955,64895,0,0,0,49,UTAH
2191,492191,521.0,1675.520721135535,3.215970673964559,0.0,0.0,0.0,0.0,36.02865110480664,0.0,0.0,0.0,0.0,0.0,0.0,0.0,0.0,4.012326656394453,0.0,0.0,32.01632444841219,64895,0,0,0,49,UTAH
2192,492192,598.0,1735.5499145165763,2.902257382134743,121.0,43.0,31.0,47.0,160.02760999675957,41.0,2.0,2.0,29.0,0.0,0.0,0.0,47.0,3.00924499229584,0.0,0.0,36.01836500446372,64895,0,0,0,49,UTAH
2193,492193,751.0,2426.768420654155,3.231382717249208,129.0,79.0,3.0,47.0,176.02654805869113,78.0,1.0,1.0,2.0,4.0,2.0,4.0,37.0,1.003081664098613,0.0,0.0,46.023466394592525,64895,0,0,0,49,UTAH
2194,492194,318.0,909.2657232716548,2.859326173810236,0.0,0.0,0.0,0.0,31.0466726104281,0.0,0.0,0.0,0.0,0.0,0.0,0.0,0.0,12.03697996918336,0.0,0.0,19.00969264124474,64895,0,0,0,49,UTAH
2195,492195,376.0,1168.8037064190985,3.108520495795474,0.0,0.0,0.0,0.0,34.021344674543315,0.0,0.0,0.0,0.0,0.0,0.0,0.0,0.0,3.00924499229584,0.0,8.000366484951211,23.011733197296262,64895,0,0,0,49,UTAH
2196,492196,416.0,1197.9355208540153,2.8796526943606136,1248.0,613.0,57.0,578.0,1275.0189168035192,613.0,0.0,26.0,31.0,102.0,40.0,15.0,421.0,2.006163328197226,0.0,0.0,25.012753475322025,64895,0,0,0,49,UTAH
2197,492197,0.0,0.0,0.0,988.0,414.0,304.0,270.0,989.0030816640987,242.0,172.0,85.0,219.0,65.0,20.0,0.0,185.0,1.003081664098613,0.0,0.0,0.0,64895,0,0,0,49,UTAH
2198,492198,0.0,0.0,0.0,908.0,288.0,63.0,557.0,908.0,287.0,1.0,27.0,36.0,167.0,80.0,0.0,310.0,0.0,0.0,0.0,0.0,64895,0,0,0,49,UTAH
2199,492199,215.0,593.2296757655846,2.759207794258533,586.0,14.0,410.0,162.0,601.0127951353646,12.0,2.0,300.0,110.0,19.0,112.0,2.0,29.0,2.006163328197226,0.0,0.0,13.006631807167452,64895,0,0,0,49,UTAH
2200,492200,128.0,361.0579425418513,2.820765176108213,14.0,0.0,0.0,14.0,25.01332610439889,0.0,0.0,0.0,0.0,0.0,2.0,0.0,12.0,3.00924499229584,0.0,0.0,8.004081112103048,64895,0,0,0,49,UTAH
2201,492201,0.0,0.0,0.0,3081.0,92.0,574.0,2415.0,3515.0320252225224,91.0,1.0,554.0,20.0,1418.0,294.0,0.0,703.0,4.012326656394453,0.0,430.0196985661276,0.0,64895,0,0,0,49,UTAH
2202,492202,67.0,175.67366886510615,2.621995057688152,1545.0,91.0,832.0,622.0,1559.0328571970376,90.0,1.0,305.0,527.0,15.0,146.0,1.0,460.0,10.030816640986131,0.0,0.0,4.002040556051524,64895,0,0,0,49,UTAH
2203,492203,0.0,0.0,0.0,340.0,4.0,155.0,181.0,341.0030816640986,4.0,0.0,73.0,82.0,3.0,23.0,0.0,155.0,1.003081664098613,0.0,0.0,0.0,64895,0,0,0,49,UTAH
2204,492204,490.0,1587.24249557518,3.2392703991330207,0.0,0.0,0.0,0.0,30.01530417038643,0.0,0.0,0.0,0.0,0.0,0.0,0.0,0.0,0.0,0.0,0.0,30.01530417038643,69163,0,0,0,49,UTAH
2205,492205,317.0,1075.228787325122,3.391888919006694,0.0,0.0,0.0,0.0,19.00969264124474,0.0,0.0,0.0,0.0,0.0,0.0,0.0,0.0,0.0,0.0,0.0,19.00969264124474,64564,0,0,0,49,UTAH
2206,492206,299.0,958.7015295854536,3.206359630720581,0.0,0.0,0.0,0.0,18.00918250223186,0.0,0.0,0.0,0.0,0.0,0.0,0.0,0.0,0.0,0.0,0.0,18.00918250223186,70668,0,0,0,49,UTAH
2207,492207,211.0,642.6654820793833,3.045807971940205,1862.0,58.0,1.0,1803.0,1876.009713471266,58.0,0.0,1.0,0.0,61.0,244.0,1471.0,27.0,1.003081664098613,0.0,0.0,13.006631807167452,69163,0,0,0,49,UTAH
2208,492208,417.0,1385.9681412975713,3.323664607428229,0.0,0.0,0.0,0.0,25.012753475322025,0.0,0.0,0.0,0.0,0.0,0.0,0.0,0.0,0.0,0.0,0.0,25.012753475322025,64564,0,0,0,49,UTAH
2209,492209,407.0,1374.491971974725,3.377130152272052,129.0,5.0,10.0,114.0,154.01275347532203,5.0,0.0,0.0,10.0,22.0,33.0,2.0,57.0,0.0,0.0,0.0,25.012753475322025,70668,788,0,0,49,UTAH
2210,492210,646.0,2120.4429779597235,3.282419470525888,23.0,4.0,0.0,19.0,62.01989542150236,3.0,1.0,0.0,0.0,0.0,0.0,0.0,19.0,0.0,0.0,0.0,39.01989542150236,80062,0,0,0,49,UTAH
2211,492211,692.0,1958.0110429286703,2.8294957267755354,642.0,10.0,1.0,631.0,684.021425838541,9.0,1.0,0.0,1.0,48.0,2.0,342.0,239.0,0.0,0.0,0.0,42.021425838541,45099,0,0,0,49,UTAH
2212,492212,605.0,1687.8796727139847,2.7898837565520407,526.0,31.0,16.0,479.0,926.0385402516176,27.0,4.0,1.0,15.0,133.0,73.0,34.0,239.0,1.003081664098613,0.0,362.0165834440423,37.0188751434766,52594,891,0,0,49,UTAH
2213,492213,862.0,2376.4498320847524,2.756902357406905,411.0,62.0,28.0,321.0,463.0265272286698,47.0,15.0,2.0,26.0,29.0,34.0,10.0,248.0,0.0,0.0,0.0,52.02652722866981,49287,165,24,0,49,UTAH
2214,492214,494.0,1466.301326557494,2.9682213088208385,648.0,28.0,50.0,570.0,678.0153041703865,18.0,10.0,0.0,50.0,14.0,135.0,0.0,421.0,0.0,0.0,0.0,30.01530417038643,65045,727,1370,0,49,UTAH
2215,492215,642.0,2071.8899539015283,3.2272429188497327,0.0,0.0,0.0,0.0,39.01989542150236,0.0,0.0,0.0,0.0,0.0,0.0,0.0,0.0,0.0,0.0,0.0,39.01989542150236,77024,326,140,0,49,UTAH
2216,492216,427.0,1278.2687061139382,2.9936035271989185,190.0,37.0,9.0,144.0,216.0132636143349,36.0,1.0,1.0,8.0,15.0,37.0,4.0,88.0,0.0,0.0,0.0,26.013263614334907,44417,610,0,0,49,UTAH
2217,492217,596.0,1709.06644684847,2.867561152430319,16.0,9.0,1.0,6.0,52.01836500446372,2.0,7.0,0.0,1.0,0.0,0.0,2.0,4.0,0.0,0.0,0.0,36.01836500446372,67044,0,0,0,49,UTAH
2218,492218,749.0,2494.742654335628,3.3307645585255385,0.0,0.0,0.0,0.0,46.023466394592525,0.0,0.0,0.0,0.0,0.0,0.0,0.0,0.0,0.0,0.0,0.0,46.023466394592525,75837,0,0,0,49,UTAH
2219,492219,22.0,30.014596690520648,1.3642998495691203,454.0,32.0,121.0,301.0,549.0048163371897,31.0,1.0,116.0,5.0,10.0,18.0,111.0,162.0,0.0,0.0,94.00430619817674,1.000510139012881,19735,0,0,0,49,UTAH
2220,492220,324.0,668.2661674918862,2.0625498996663154,977.0,284.0,37.0,656.0,1147.017074373093,103.0,181.0,6.0,31.0,145.0,236.0,91.0,184.0,0.0,0.0,150.0068715928352,20.01020278025762,19735,0,0,0,49,UTAH
2221,492221,822.0,2581.255315384776,3.140213279056905,693.0,95.0,8.0,590.0,743.0255069506441,0.0,95.0,1.0,7.0,110.0,10.0,160.0,310.0,0.0,0.0,0.0,50.02550695064405,48506,0,0,0,49,UTAH
2222,492222,824.0,2559.185758994687,3.105807959945009,1288.0,29.0,2.0,1257.0,1338.025506950644,29.0,0.0,0.0,2.0,23.0,263.0,6.0,965.0,0.0,0.0,0.0,50.02550695064405,68494,435,0,2048,49,UTAH
2223,492223,862.0,2862.862854922308,3.321186606638408,0.0,0.0,0.0,0.0,52.02652722866981,0.0,0.0,0.0,0.0,0.0,0.0,0.0,0.0,0.0,0.0,0.0,52.02652722866981,68253,0,0,0,49,UTAH
2224,492224,175.0,534.0832646401468,3.0519043693722674,481.0,43.0,0.0,438.0,493.0086931932403,7.0,36.0,0.0,0.0,80.0,1.0,132.0,225.0,1.003081664098613,0.0,0.0,11.00561152914169,80370,0,316,316,49,UTAH
2225,492225,534.0,1656.9822937678605,3.102963096943559,109.0,6.0,25.0,78.0,142.0194061125108,6.0,0.0,3.0,22.0,22.0,7.0,6.0,43.0,1.003081664098613,0.0,0.0,32.01632444841219,75410,0,0,0,49,UTAH
2226,492226,507.0,1710.832011359677,3.374422113135457,0.0,0.0,0.0,0.0,31.01581430939931,0.0,0.0,0.0,0.0,0.0,0.0,0.0,0.0,0.0,0.0,0.0,31.01581430939931,84055,0,0,0,49,UTAH
2227,492227,49.0,126.23786255130744,2.576282909210356,435.0,68.0,1.0,366.0,438.0015304170386,15.0,53.0,1.0,0.0,38.0,265.0,3.0,60.0,0.0,0.0,0.0,3.001530417038643,42241,0,0,0,49,UTAH
2228,492228,268.0,837.7603605677675,3.125971494655849,1092.0,34.0,24.0,1034.0,1108.008162224206,4.0,30.0,24.0,0.0,33.0,102.0,44.0,855.0,0.0,0.0,0.0,16.008162224206096,42241,1207,0,0,49,UTAH
2229,492229,357.0,1079.64269860314,3.024209239784706,771.0,142.0,39.0,590.0,793.0112230582833,141.0,1.0,4.0,35.0,106.0,206.0,9.0,269.0,0.0,0.0,0.0,22.01122305828338,58413,595,1351,0,49,UTAH
2230,492230,541.0,1807.055277220464,3.3402130817383804,0.0,0.0,0.0,0.0,33.01683458742507,0.0,0.0,0.0,0.0,0.0,0.0,0.0,0.0,0.0,0.0,0.0,33.01683458742507,109264,0,0,0,49,UTAH
2231,492231,1079.0,2486.797614035196,2.304724387428356,244.0,84.0,1.0,159.0,310.03366917485016,61.0,23.0,0.0,1.0,78.0,3.0,5.0,73.0,0.0,0.0,0.0,66.03366917485015,48122,0,0,0,49,UTAH
2232,492232,616.0,1340.063464006187,2.1754277013087444,521.0,319.0,30.0,172.0,558.0188751434766,203.0,116.0,0.0,30.0,42.0,24.0,42.0,64.0,0.0,0.0,0.0,37.0188751434766,48122,0,0,0,49,UTAH
2233,492233,211.0,497.88919216040136,2.359664417821808,533.0,159.0,79.0,295.0,546.0066318071674,30.0,129.0,47.0,32.0,54.0,34.0,37.0,170.0,0.0,0.0,0.0,13.006631807167452,44872,0,0,0,49,UTAH
2234,492234,514.0,1412.4516089656777,2.747960328727,945.0,165.0,105.0,675.0,976.0158143093993,157.0,8.0,96.0,9.0,140.0,62.0,126.0,347.0,0.0,0.0,0.0,31.01581430939931,48122,0,0,0,49,UTAH
2235,492235,1.0,1.0,1.0,793.0,228.0,89.0,476.0,794.0030816640987,225.0,3.0,85.0,4.0,275.0,38.0,73.0,90.0,1.003081664098613,0.0,0.0,0.0,44872,0,0,0,49,UTAH
2236,492236,714.0,1446.880116934216,2.026442740804224,2718.0,13.0,217.0,2488.0,2761.0219359775538,13.0,0.0,216.0,1.0,2363.0,55.0,59.0,11.0,0.0,0.0,0.0,43.02193597755388,44872,0,0,0,49,UTAH
2237,492237,0.0,0.0,0.0,772.0,27.0,251.0,494.0,772.0,26.0,1.0,170.0,81.0,76.0,69.0,33.0,316.0,0.0,0.0,0.0,0.0,44872,0,0,0,49,UTAH
2238,492238,164.0,352.23011998581586,2.147744634059853,511.0,49.0,3.0,459.0,521.0051013901289,28.0,21.0,3.0,0.0,33.0,24.0,75.0,327.0,0.0,0.0,0.0,10.00510139012881,19735,0,0,0,49,UTAH
2239,492239,0.0,0.0,0.0,1553.0,131.0,309.0,1113.0,1557.0123266563944,128.0,3.0,215.0,94.0,234.0,107.0,11.0,761.0,4.012326656394453,0.0,0.0,0.0,67992,0,0,0,49,UTAH
2240,492240,28.0,76.80205623750872,2.7429305799110257,1080.0,329.0,22.0,729.0,1082.0010202780259,248.0,81.0,8.0,14.0,124.0,29.0,52.0,524.0,0.0,0.0,0.0,2.001020278025762,67992,0,0,0,49,UTAH
2241,492241,0.0,0.0,0.0,1155.0,257.0,84.0,814.0,1182.00730859367,210.0,47.0,78.0,6.0,565.0,42.0,5.0,202.0,2.006163328197226,0.0,25.001145265472534,0.0,67992,0,0,0,49,UTAH
2242,492242,298.0,835.9947960565604,2.80535166461933,1496.0,129.0,112.0,1255.0,1518.0215091586263,128.0,1.0,105.0,7.0,798.0,32.0,1.0,424.0,4.012326656394453,0.0,0.0,18.00918250223186,67992,0,0,0,49,UTAH
2243,492243,90.0,288.6697975823604,3.20744219535956,1813.0,605.0,214.0,994.0,1950.014669403719,481.0,124.0,149.0,65.0,33.0,86.0,8.0,867.0,2.006163328197226,0.0,130.00595538045718,5.002550695064405,67992,0,0,0,49,UTAH
2244,492244,0.0,0.0,0.0,2046.0,447.0,56.0,1543.0,2068.0374380753724,445.0,2.0,19.0,37.0,679.0,40.0,8.0,816.0,12.03697996918336,0.0,10.000458106189015,0.0,64895,0,0,0,49,UTAH
2245,492245,0.0,0.0,0.0,1661.0,92.0,1223.0,346.0,2228.680559636826,89.0,3.0,866.0,357.0,141.0,45.0,0.0,160.0,1.003081664098613,330.66666666666663,236.01081130606073,0.0,64895,0,0,0,49,UTAH
2246,492246,561.0,1566.9385036962983,2.793116762381994,1288.0,46.0,881.0,361.0,1324.0235080546354,46.0,0.0,741.0,140.0,84.0,95.0,0.0,182.0,2.006163328197226,0.0,0.0,34.017344726437955,67992,0,0,0,49,UTAH
2247,492247,186.0,556.1528210302356,2.990068930270084,534.0,107.0,231.0,196.0,545.0056115291417,80.0,27.0,200.0,31.0,15.0,10.0,9.0,162.0,0.0,0.0,0.0,11.00561152914169,67797,0,0,0,49,UTAH
2248,492248,249.0,746.8337882406021,2.999332482893984,237.0,9.0,116.0,112.0,252.00765208519323,9.0,0.0,92.0,24.0,7.0,8.0,0.0,97.0,0.0,0.0,0.0,15.007652085193214,65607,0,0,0,49,UTAH
2249,492249,354.0,999.309513343217,2.8229082297830987,993.0,42.0,49.0,902.0,1478.0324333748347,35.0,7.0,19.0,30.0,187.0,65.0,207.0,443.0,0.0,0.0,463.02121031655133,22.01122305828338,65233,0,0,0,49,UTAH
2250,492250,33.0,99.754394883201,3.0228604510060904,3730.0,543.0,524.0,2663.0,3733.0041019421246,526.0,17.0,285.0,239.0,1559.0,52.0,4.0,1048.0,1.003081664098613,0.0,0.0,2.001020278025762,65233,0,0,0,49,UTAH
2251,492251,0.0,0.0,0.0,1796.0,223.0,804.0,769.0,1796.0,200.0,23.0,395.0,409.0,375.0,111.0,0.0,283.0,0.0,0.0,0.0,0.0,78624,0,0,0,49,UTAH
2252,492252,296.0,715.9364092944778,2.418704085454317,124.0,35.0,12.0,77.0,143.01226416633048,29.0,6.0,8.0,4.0,8.0,5.0,5.0,59.0,1.003081664098613,0.0,0.0,18.00918250223186,78624,0,0,0,49,UTAH
2253,492253,54.0,143.8935076633784,2.66469458635886,2.0,0.0,2.0,0.0,5.0015304170386425,0.0,0.0,2.0,0.0,0.0,0.0,0.0,0.0,0.0,0.0,0.0,3.001530417038643,78624,0,0,0,49,UTAH
2254,492254,696.0,1797.3446724088249,2.5823917707023347,165.0,18.0,10.0,137.0,207.021425838541,18.0,0.0,6.0,4.0,62.0,2.0,17.0,56.0,0.0,0.0,0.0,42.021425838541,78624,0,0,0,49,UTAH
2255,492255,622.0,1598.7186648980264,2.570287242601329,734.0,164.0,64.0,506.0,772.0193852824895,160.0,4.0,52.0,12.0,114.0,45.0,4.0,343.0,0.0,0.0,0.0,38.01938528248948,78624,0,0,0,49,UTAH
2256,492256,0.0,0.0,0.0,0.0,0.0,0.0,0.0,0.0,0.0,0.0,0.0,0.0,0.0,0.0,0.0,0.0,0.0,0.0,0.0,0.0,78624,0,0,0,49,UTAH
2257,492257,0.0,0.0,0.0,266.0,37.0,67.0,162.0,266.0,34.0,3.0,60.0,7.0,103.0,9.0,1.0,49.0,0.0,0.0,0.0,0.0,78624,0,0,0,49,UTAH
2258,492258,0.0,0.0,0.0,776.0,111.0,85.0,580.0,779.0092449922959,110.0,1.0,41.0,44.0,270.0,7.0,1.0,302.0,3.00924499229584,0.0,0.0,0.0,78624,0,0,0,49,UTAH
2259,492259,0.0,0.0,0.0,26.0,0.0,0.0,26.0,26.0,0.0,0.0,0.0,0.0,4.0,0.0,0.0,22.0,0.0,0.0,0.0,0.0,78624,0,0,0,49,UTAH
2260,492260,0.0,0.0,0.0,1000.0,2.0,507.0,491.0,1000.0,1.0,1.0,505.0,2.0,327.0,32.0,36.0,96.0,0.0,0.0,0.0,0.0,78624,0,0,0,49,UTAH
2261,492261,0.0,0.0,0.0,1427.0,16.0,546.0,865.0,1547.0054972742682,14.0,2.0,457.0,89.0,255.0,51.0,1.0,558.0,0.0,0.0,120.00549727426817,0.0,78624,0,0,0,49,UTAH
2262,492262,782.0,2188.417211641197,2.798487482917132,245.0,16.0,18.0,211.0,293.0244866726183,16.0,0.0,5.0,13.0,79.0,15.0,6.0,111.0,0.0,0.0,0.0,48.02448667261829,78624,0,0,0,49,UTAH
2263,492263,801.0,2204.3072922420606,2.7519441850712365,0.0,0.0,0.0,0.0,49.02499681163117,0.0,0.0,0.0,0.0,0.0,0.0,0.0,0.0,0.0,0.0,0.0,49.02499681163117,78624,0,0,0,49,UTAH
2264,492264,0.0,0.0,0.0,0.0,0.0,0.0,0.0,0.0,0.0,0.0,0.0,0.0,0.0,0.0,0.0,0.0,0.0,0.0,0.0,0.0,78624,0,0,0,49,UTAH
2265,492265,383.0,1033.7380213117551,2.699054885931476,569.0,15.0,107.0,447.0,592.0117331972963,0.0,15.0,99.0,8.0,264.0,61.0,2.0,120.0,0.0,0.0,0.0,23.011733197296262,78624,0,0,0,49,UTAH
2266,492266,0.0,0.0,0.0,2066.0,1.0,456.0,1609.0,2066.0,1.0,0.0,204.0,252.0,328.0,383.0,80.0,818.0,0.0,0.0,0.0,0.0,78624,295,126,126,49,UTAH
2267,492267,311.0,929.5697151505366,2.988970145178574,0.0,0.0,0.0,0.0,20.012774305343353,0.0,0.0,0.0,0.0,0.0,0.0,0.0,0.0,1.003081664098613,0.0,0.0,19.00969264124474,78624,0,0,0,49,UTAH
2268,492268,854.0,2470.024751178729,2.892300645408348,0.0,0.0,0.0,0.0,53.02960889276843,0.0,0.0,0.0,0.0,0.0,0.0,0.0,0.0,1.003081664098613,0.0,0.0,52.02652722866981,78624,0,0,0,49,UTAH
2269,492269,1178.0,3232.7486200201947,2.744268777606277,0.0,0.0,0.0,0.0,72.03673000892744,0.0,0.0,0.0,0.0,0.0,0.0,0.0,0.0,0.0,0.0,0.0,72.03673000892744,78624,0,0,0,49,UTAH
2270,492270,575.0,1580.180237530352,2.7481395435310465,270.0,28.0,74.0,168.0,305.01785486545083,28.0,0.0,74.0,0.0,35.0,27.0,8.0,98.0,0.0,0.0,0.0,35.01785486545084,78624,0,0,0,49,UTAH
2271,492271,1.0,1.765564511207097,1.765564511207097,1241.0,276.0,681.0,284.0,1241.0,251.0,25.0,568.0,113.0,53.0,38.0,2.0,191.0,0.0,0.0,0.0,0.0,78624,0,0,0,49,UTAH
2272,492272,473.0,1470.7152378355115,3.1093345408784603,0.0,0.0,0.0,0.0,30.01787569547216,0.0,0.0,0.0,0.0,0.0,0.0,0.0,0.0,1.003081664098613,0.0,0.0,29.014794031373548,78624,0,0,0,49,UTAH
2273,492273,314.0,930.45249740614,2.963224514032293,0.0,0.0,0.0,0.0,21.015855969441965,0.0,0.0,0.0,0.0,0.0,0.0,0.0,0.0,2.006163328197226,0.0,0.0,19.00969264124474,78624,0,0,0,49,UTAH
2274,492274,304.0,894.2584249263946,2.941639555678929,337.0,0.0,15.0,322.0,356.0096926412447,0.0,0.0,1.0,14.0,7.0,51.0,34.0,230.0,0.0,0.0,0.0,19.00969264124474,78624,0,0,0,49,UTAH
2275,492275,359.0,1000.1922955988204,2.786050962670809,152.0,32.0,14.0,106.0,174.01122305828338,10.0,22.0,13.0,1.0,21.0,7.0,2.0,76.0,0.0,0.0,0.0,22.01122305828338,78624,0,0,0,49,UTAH
2276,492276,0.0,0.0,0.0,2514.0,210.0,702.0,1602.0,2514.0,205.0,5.0,262.0,440.0,330.0,136.0,370.0,766.0,0.0,0.0,0.0,0.0,78624,0,0,0,49,UTAH
2277,492277,257.0,768.0205623750873,2.988406857490612,0.0,0.0,0.0,0.0,16.008162224206096,0.0,0.0,0.0,0.0,0.0,0.0,0.0,0.0,0.0,0.0,0.0,16.008162224206096,78624,0,0,0,49,UTAH
2278,492278,1259.0,3521.418417602555,2.7969963602879706,762.0,63.0,75.0,624.0,839.0392807039918,63.0,0.0,63.0,12.0,20.0,144.0,154.0,306.0,0.0,0.0,0.0,77.03928070399184,78624,1000,0,0,49,UTAH
2279,492279,248.0,662.0866917026614,2.6697044020268605,862.0,57.0,455.0,350.0,878.0107337492918,57.0,0.0,172.0,283.0,25.0,26.0,162.0,137.0,1.003081664098613,0.0,0.0,15.007652085193214,60270,0,0,0,49,UTAH
2280,492280,949.0,2545.944025160634,2.6827650423188976,1902.0,258.0,281.0,1363.0,1980.0305042751252,186.0,72.0,279.0,2.0,212.0,345.0,67.0,739.0,0.0,0.0,20.00091621237803,58.029588062747095,60270,0,0,0,49,UTAH
2281,492281,18.0,41.49076601336678,2.3050425562981545,3070.0,199.0,1808.0,1063.0,3073.00667346721,198.0,1.0,1566.0,242.0,428.0,205.0,104.0,326.0,2.006163328197226,0.0,0.0,1.000510139012881,78624,0,36,254,49,UTAH
2282,492282,708.0,1911.2235833816824,2.699468338109721,35.0,12.0,0.0,23.0,79.0250176416525,12.0,0.0,0.0,0.0,2.0,2.0,3.0,16.0,1.003081664098613,0.0,0.0,43.02193597755388,46071,0,0,0,49,UTAH
2283,492283,152.0,400.783144044011,2.636731210815862,4.0,0.0,0.0,4.0,17.016917907510383,0.0,0.0,0.0,0.0,0.0,0.0,0.0,4.0,4.012326656394453,0.0,0.0,9.00459125111593,78624,0,0,0,49,UTAH
2284,492284,225.0,593.2296757655846,2.6365763367359314,141.0,4.0,36.0,101.0,787.0391301108057,4.0,0.0,7.0,29.0,2.0,11.0,69.0,19.0,1.003081664098613,0.0,631.0289065005268,14.007141946180331,46071,0,0,0,49,UTAH
2285,492285,372.0,1217.3567304772937,3.2724643292400364,486.0,167.0,20.0,299.0,509.0117331972963,167.0,0.0,6.0,14.0,48.0,101.0,11.0,139.0,0.0,0.0,0.0,23.011733197296262,60104,515,0,0,49,UTAH
2286,492286,284.0,957.81874732985,3.37260122299243,576.0,124.0,13.0,439.0,593.0086723632189,23.0,101.0,11.0,2.0,3.0,7.0,214.0,215.0,0.0,0.0,0.0,17.008672363218977,57819,0,0,0,49,UTAH
2287,492287,433.0,1147.616932284613,2.650385524906728,668.0,12.0,23.0,633.0,694.013263614335,12.0,0.0,3.0,20.0,399.0,6.0,214.0,14.0,0.0,0.0,0.0,26.013263614334907,42479,0,0,0,49,UTAH
2288,492288,600.0,1644.6233421894108,2.741038903649018,252.0,12.0,23.0,217.0,289.0188751434766,12.0,0.0,3.0,20.0,15.0,62.0,7.0,133.0,0.0,0.0,0.0,37.0188751434766,63155,633,0,0,49,UTAH
2289,492289,507.0,1581.0630197859557,3.118467494646855,670.0,221.0,182.0,267.0,701.0158143093993,110.0,111.0,181.0,1.0,44.0,9.0,66.0,148.0,0.0,0.0,0.0,31.01581430939931,66509,0,0,0,49,UTAH
2290,492290,898.0,2381.7465256183737,2.652278981757654,1948.0,344.0,40.0,1564.0,2826.0657597850645,229.0,115.0,28.0,12.0,229.0,82.0,189.0,1064.0,0.0,0.0,823.0377021393558,55.02805764570846,48574,0,0,0,49,UTAH
2291,492291,663.0,1719.6598339157124,2.5937554056043925,1891.0,247.0,63.0,1581.0,1931.0204055605152,183.0,64.0,29.0,34.0,59.0,73.0,1062.0,387.0,0.0,0.0,0.0,40.02040556051524,51220,0,0,0,49,UTAH
2292,492292,848.0,2454.1346705778647,2.89402673417201,556.0,246.0,49.0,261.0,866.0383463683464,171.0,75.0,38.0,11.0,33.0,36.0,19.0,173.0,0.0,0.0,258.01181913967656,52.02652722866981,50605,0,0,0,49,UTAH
2293,492293,696.0,2023.336929843333,2.9070932900047888,596.0,99.0,98.0,399.0,638.021425838541,99.0,0.0,1.0,97.0,17.0,81.0,61.0,240.0,0.0,0.0,0.0,42.021425838541,38052,0,874,0,49,UTAH
2294,492294,481.0,1357.7191091182576,2.822700850557708,893.0,278.0,25.0,590.0,922.0147940313735,193.0,85.0,1.0,24.0,57.0,19.0,147.0,367.0,0.0,0.0,0.0,29.014794031373548,42104,0,0,0,49,UTAH
2295,492295,874.0,2226.376848632149,2.547341932073397,348.0,59.0,80.0,209.0,407.0273122313961,45.0,14.0,8.0,72.0,55.0,14.0,70.0,70.0,0.0,0.0,6.0002748637134085,53.027037367682695,45844,0,12,49,49,UTAH
2296,492296,521.0,1345.360157539808,2.582265177619593,863.0,21.0,8.0,834.0,895.0163244484122,21.0,0.0,1.0,7.0,36.0,90.0,686.0,22.0,0.0,0.0,0.0,32.01632444841219,45065,889,0,0,49,UTAH
2297,492297,940.0,2496.508218846835,2.655859807283867,1782.0,508.0,61.0,1213.0,1845.0293527874476,314.0,194.0,27.0,34.0,373.0,70.0,195.0,575.0,0.0,0.0,6.0002748637134085,57.02907792373421,39785,0,0,0,49,UTAH
2298,492298,180.0,594.1124580211881,3.300624766784378,671.0,217.0,12.0,442.0,682.0056115291417,139.0,78.0,0.0,12.0,32.0,6.0,262.0,142.0,0.0,0.0,0.0,11.00561152914169,75328,0,4,7,49,UTAH
2299,492299,756.0,2568.0135815507224,3.39684336183958,242.0,50.0,7.0,185.0,288.0234663945925,50.0,0.0,0.0,7.0,53.0,60.0,11.0,61.0,0.0,0.0,0.0,46.023466394592525,77060,682,0,0,49,UTAH
2300,492300,772.0,2551.240718694255,3.3047159568578435,4.0,0.0,4.0,0.0,51.023976533605406,0.0,0.0,0.0,4.0,0.0,0.0,0.0,0.0,0.0,0.0,0.0,47.023976533605406,91766,0,0,0,49,UTAH
2301,492301,362.0,1085.8221743923646,2.999508769039681,0.0,0.0,0.0,0.0,22.01122305828338,0.0,0.0,0.0,0.0,0.0,0.0,0.0,0.0,0.0,0.0,0.0,22.01122305828338,102176,0,0,0,49,UTAH
2302,492302,563.0,1872.3811641351265,3.3257214283039547,595.0,171.0,14.0,410.0,629.017344726438,142.0,29.0,13.0,1.0,39.0,68.0,48.0,255.0,0.0,0.0,0.0,34.017344726437955,63275,468,0,0,49,UTAH
2303,492303,349.0,1172.3348354415125,3.3591256029842764,927.0,275.0,31.0,621.0,948.0107129192705,272.0,3.0,28.0,3.0,36.0,200.0,0.0,385.0,0.0,0.0,0.0,21.0107129192705,76649,0,0,1432,49,UTAH
2304,492304,181.0,550.8561274966142,3.0434040193183107,2921.0,363.0,33.0,2525.0,2932.005611529142,363.0,0.0,28.0,5.0,1608.0,75.0,9.0,833.0,0.0,0.0,0.0,11.00561152914169,76649,0,0,0,49,UTAH
2305,492305,813.0,2218.431808331717,2.728698411232125,806.0,299.0,100.0,407.0,860.0252258647256,211.0,88.0,10.0,90.0,4.0,82.0,34.0,287.0,0.0,0.0,5.0002290530945075,49.02499681163117,19293,0,0,0,49,UTAH
2306,492306,691.0,1982.72894608557,2.8693617164769463,30.0,5.0,0.0,25.0,72.021425838541,5.0,0.0,0.0,0.0,2.0,0.0,8.0,15.0,0.0,0.0,0.0,42.021425838541,45087,0,0,0,49,UTAH
2307,492307,414.0,1127.3129404057315,2.722978116922057,969.0,62.0,249.0,658.0,994.012753475322,62.0,0.0,0.0,249.0,292.0,216.0,6.0,144.0,0.0,0.0,0.0,25.012753475322025,68766,696,1228,0,49,UTAH
2308,492308,992.0,3243.342007087437,3.269497991015561,651.0,92.0,6.0,553.0,764.3639416741062,41.0,51.0,3.0,3.0,53.0,66.0,276.0,158.0,0.0,53.33333333333333,0.0,60.03060834077286,81308,650,0,0,49,UTAH
2309,492309,428.0,1091.118867925986,2.5493431493597805,567.0,200.0,28.0,339.0,593.013263614335,169.0,31.0,0.0,28.0,42.0,11.0,19.0,267.0,0.0,0.0,0.0,26.013263614334907,29976,0,0,0,49,UTAH
2310,492310,908.0,2301.413340358451,2.5345961898220826,507.0,30.0,5.0,472.0,562.0280576457085,29.0,1.0,0.0,5.0,2.0,71.0,110.0,289.0,0.0,0.0,0.0,55.02805764570846,34523,447,0,0,49,UTAH
2311,492311,585.0,1875.9122931575405,3.2066876806111804,419.0,48.0,0.0,371.0,455.0183650044637,3.0,45.0,0.0,0.0,75.0,94.0,64.0,138.0,0.0,0.0,0.0,36.01836500446372,66590,0,0,0,49,UTAH
2312,492312,515.0,1667.5756808351032,3.238011030747773,351.0,154.0,13.0,184.0,382.01581430939933,149.0,5.0,1.0,12.0,33.0,8.0,14.0,129.0,0.0,0.0,0.0,31.01581430939931,69628,0,0,0,49,UTAH
2313,492313,99.0,309.8565717168455,3.1298643607762173,666.0,149.0,23.0,494.0,2921.106088915986,149.0,0.0,1.0,22.0,19.0,93.0,202.0,180.0,0.0,0.0,2249.103028081909,6.003060834077286,71953,0,0,0,49,UTAH
2314,492314,287.0,733.5920544065488,2.5560698759810063,548.0,107.0,16.0,425.0,565.0086723632189,20.0,87.0,15.0,1.0,141.0,123.0,117.0,44.0,0.0,0.0,0.0,17.008672363218977,39412,0,0,0,49,UTAH
2315,492315,450.0,1121.133464616507,2.4914076991477927,564.0,144.0,14.0,406.0,591.0137737533478,143.0,1.0,3.0,11.0,93.0,17.0,43.0,253.0,0.0,0.0,0.0,27.013773753347788,39412,0,0,0,49,UTAH
2316,492316,630.0,1777.9234627855467,2.822100734580233,0.0,0.0,0.0,0.0,38.01938528248948,0.0,0.0,0.0,0.0,0.0,0.0,0.0,0.0,0.0,0.0,0.0,38.01938528248948,58637,0,0,0,49,UTAH
2317,492317,498.0,1452.1768104678372,2.9160176917024843,241.0,16.0,7.0,218.0,271.01530417038646,16.0,0.0,0.0,7.0,41.0,51.0,8.0,118.0,0.0,0.0,0.0,30.01530417038643,73017,710,0,0,49,UTAH
2318,492318,833.0,2266.9848323899128,2.7214703870227046,322.0,2.0,0.0,320.0,373.02601708965693,2.0,0.0,0.0,0.0,172.0,2.0,17.0,129.0,0.0,0.0,0.0,51.02601708965693,52476,0,0,0,49,UTAH
2319,492319,316.0,823.6358444781107,2.606442545816806,775.0,6.0,10.0,759.0,794.0096926412448,6.0,0.0,3.0,7.0,83.0,155.0,131.0,390.0,0.0,0.0,0.0,19.00969264124474,46387,603,0,1293,49,UTAH
2320,492320,653.0,1843.2493497002088,2.8227401986220664,1001.0,479.0,1.0,521.0,1041.0204055605152,377.0,102.0,0.0,1.0,58.0,17.0,89.0,357.0,0.0,0.0,0.0,40.02040556051524,39289,0,0,0,49,UTAH
2321,492321,432.0,1207.6461256656544,2.7954771427445704,1000.0,253.0,0.0,747.0,1026.0132636143348,100.0,153.0,0.0,0.0,89.0,35.0,204.0,419.0,0.0,0.0,0.0,26.013263614334907,39289,0,0,0,49,UTAH
2322,492322,682.0,1977.4322525519487,2.89946078086796,104.0,4.0,0.0,100.0,146.021425838541,1.0,3.0,0.0,0.0,3.0,97.0,0.0,0.0,0.0,0.0,0.0,42.021425838541,45663,0,0,391,49,UTAH
2323,492323,528.0,1585.476931063973,3.0027972179241917,0.0,0.0,0.0,0.0,32.01632444841219,0.0,0.0,0.0,0.0,0.0,0.0,0.0,0.0,0.0,0.0,0.0,32.01632444841219,79366,0,0,0,49,UTAH
2324,492324,541.0,1582.8285842971625,2.925745996852426,63.0,0.0,0.0,63.0,96.01683458742508,0.0,0.0,0.0,0.0,29.0,0.0,4.0,30.0,0.0,0.0,0.0,33.01683458742507,77147,0,0,0,49,UTAH
2325,492325,706.0,1808.820841731671,2.5620691809230465,999.0,96.0,12.0,891.0,1042.0219359775538,64.0,32.0,0.0,12.0,129.0,102.0,238.0,422.0,0.0,0.0,0.0,43.02193597755388,27592,0,0,0,49,UTAH
2326,492326,363.0,1001.075077854424,2.757782583621003,6079.0,42.0,2.0,6035.0,6101.011223058284,0.0,42.0,0.0,2.0,25.0,5675.0,2.0,333.0,0.0,0.0,0.0,22.01122305828338,36564,0,0,0,49,UTAH
2327,492327,469.0,1305.6349560376482,2.783869842297757,787.0,139.0,91.0,557.0,816.0147940313735,90.0,49.0,2.0,89.0,101.0,162.0,0.0,294.0,0.0,0.0,0.0,29.014794031373548,51462,396,1199,0,49,UTAH
2328,492328,771.0,1834.4215271441735,2.37927565128946,10.0,2.0,0.0,8.0,57.023976533605406,2.0,0.0,0.0,0.0,1.0,0.0,3.0,4.0,0.0,0.0,0.0,47.023976533605406,35025,0,0,0,49,UTAH
2329,492329,91.0,231.2889509681297,2.541636823825601,1054.0,61.0,59.0,934.0,1060.0030608340774,19.0,42.0,53.0,6.0,187.0,178.0,174.0,395.0,0.0,0.0,0.0,6.003060834077286,35025,0,0,0,49,UTAH
2330,492330,0.0,0.0,0.0,1163.0,934.0,3.0,226.0,1163.0,871.0,63.0,0.0,3.0,37.0,28.0,2.0,159.0,0.0,0.0,0.0,0.0,51462,0,0,0,49,UTAH
2331,492331,56.0,152.7213302194139,2.7271666110609623,808.0,478.0,5.0,325.0,811.0015304170387,340.0,138.0,5.0,0.0,12.0,9.0,10.0,294.0,0.0,0.0,0.0,3.001530417038643,35025,0,0,0,49,UTAH
2332,492332,323.0,882.7822556035485,2.733071998772596,1666.0,591.0,4.0,1071.0,1686.0102027802577,368.0,223.0,1.0,3.0,67.0,95.0,88.0,821.0,0.0,0.0,0.0,20.01020278025762,43774,634,31,0,49,UTAH
2333,492333,450.0,1297.6899157372163,2.883755368304925,715.0,27.0,17.0,671.0,742.0137737533478,27.0,0.0,0.0,17.0,29.0,158.0,28.0,456.0,0.0,0.0,0.0,27.013773753347788,56490,0,0,1174,49,UTAH
2334,492334,404.0,1139.6718919841812,2.820970029663815,16.0,0.0,0.0,16.0,62.34608680865536,0.0,0.0,0.0,0.0,8.0,1.0,0.0,7.0,0.0,21.33333333333333,0.0,25.012753475322025,68073,0,0,0,49,UTAH
2335,492335,118.0,284.2558863043426,2.4089481890198523,810.0,64.0,1.0,745.0,817.0035709730902,62.0,2.0,1.0,0.0,186.0,52.0,20.0,487.0,0.0,0.0,0.0,7.003570973090167,53817,443,5,5,49,UTAH
2336,492336,532.0,1524.5649554273282,2.865723600427309,9.0,2.0,0.0,7.0,41.01632444841219,1.0,1.0,0.0,0.0,3.0,0.0,2.0,2.0,0.0,0.0,0.0,32.01632444841219,53817,0,0,0,49,UTAH
2337,492337,305.0,931.3352796617436,3.05355829397293,0.0,0.0,0.0,0.0,29.676359307911405,0.0,0.0,0.0,0.0,0.0,0.0,0.0,0.0,0.0,10.666666666666666,0.0,19.00969264124474,48109,0,0,0,49,UTAH
2338,492338,876.0,2400.284952986048,2.740051316194119,953.0,490.0,6.0,457.0,1041.0286407393442,382.0,108.0,3.0,3.0,114.0,37.0,45.0,261.0,0.0,0.0,35.00160337166155,53.027037367682695,55919,0,0,0,49,UTAH
2339,492339,81.0,182.73592690993453,2.255999097653513,3071.0,2026.0,0.0,1045.0,3076.002550695064,1197.0,829.0,0.0,0.0,215.0,44.0,138.0,648.0,0.0,0.0,0.0,5.002550695064405,55919,10,0,0,49,UTAH
2340,492340,415.0,1179.3970934863407,2.8419207071960018,949.0,147.0,24.0,778.0,1006.0142194151268,77.0,70.0,2.0,22.0,357.0,17.0,36.0,368.0,0.0,0.0,32.001465939804845,25.012753475322025,97679,0,0,0,49,UTAH
2341,492341,533.0,1400.9754396428316,2.628471744170416,1792.0,719.0,14.0,1059.0,1852.0176071457415,571.0,148.0,14.0,0.0,150.0,68.0,4.0,837.0,0.0,0.0,28.001282697329238,32.01632444841219,49084,0,0,0,49,UTAH
2342,492342,203.0,534.9660468957504,2.635300723624386,518.0,191.0,49.0,278.0,530.0061216681546,91.0,100.0,0.0,49.0,16.0,14.0,36.0,212.0,0.0,0.0,0.0,12.006121668154572,61441,0,0,0,49,UTAH
2343,492343,8.0,22.95233864569226,2.8690423307115327,487.0,100.0,1.0,386.0,722.0107654954418,32.0,68.0,0.0,1.0,89.0,18.0,104.0,175.0,0.0,0.0,235.01076549544183,0.0,61441,0,0,0,49,UTAH
2344,492344,1.0,5.296693533621291,5.296693533621291,2421.0,831.0,4.0,1586.0,2421.0,397.0,434.0,2.0,2.0,68.0,54.0,84.0,1380.0,0.0,0.0,0.0,0.0,34900,0,0,0,49,UTAH
2345,492345,647.0,1815.8830997764992,2.806619937830756,114.0,8.0,36.0,70.0,153.01989542150235,4.0,4.0,0.0,36.0,3.0,5.0,35.0,27.0,0.0,0.0,0.0,39.01989542150236,49084,0,0,0,49,UTAH
2346,492346,499.0,1478.6602781359438,2.963247050372633,0.0,0.0,0.0,0.0,30.01530417038643,0.0,0.0,0.0,0.0,0.0,0.0,0.0,0.0,0.0,0.0,0.0,30.01530417038643,61441,0,0,0,49,UTAH
2347,492347,897.0,2522.9916865149416,2.8126997620010497,155.0,96.0,2.0,57.0,210.02805764570846,37.0,59.0,2.0,0.0,7.0,1.0,24.0,25.0,0.0,0.0,0.0,55.02805764570846,34900,0,0,0,49,UTAH
2348,492348,394.0,1077.8771340919327,2.735728766730793,256.0,18.0,51.0,187.0,280.01224333630915,18.0,0.0,0.0,51.0,15.0,55.0,5.0,112.0,0.0,0.0,0.0,24.012243336309144,59020,767,0,0,49,UTAH
2349,492349,725.0,1969.487212251517,2.716534085864161,557.0,118.0,7.0,432.0,690.026523261649,79.0,39.0,6.0,1.0,26.0,35.0,134.0,237.0,0.0,0.0,89.00407714508222,44.02244611656676,34092,0,0,0,49,UTAH
2350,492350,222.0,603.8230628328272,2.7199237064541766,1240.0,281.0,4.0,955.0,1254.0071419461804,196.0,85.0,0.0,4.0,216.0,21.0,435.0,283.0,0.0,0.0,0.0,14.007141946180331,43488,357,0,0,49,UTAH
2351,492351,459.0,1175.8659644639265,2.561799486849513,734.0,112.0,3.0,619.0,762.0142838923607,106.0,6.0,3.0,0.0,209.0,13.0,13.0,384.0,0.0,0.0,0.0,28.014283892360663,43488,0,0,0,49,UTAH
2352,492352,0.0,0.0,0.0,1757.0,12.0,2.0,1743.0,1757.0,11.0,1.0,0.0,2.0,446.0,158.0,1037.0,102.0,0.0,0.0,0.0,0.0,73573,0,0,0,49,UTAH
2353,492353,69.0,206.5710478112304,2.993783301612034,564.0,3.0,46.0,515.0,568.0020405560515,0.0,3.0,28.0,18.0,275.0,58.0,62.0,120.0,0.0,0.0,0.0,4.002040556051524,73573,0,0,0,49,UTAH
2354,492354,2.0,7.945040300431937,3.972520150215968,4457.0,52.0,243.0,4162.0,4457.0,36.0,16.0,0.0,243.0,3438.0,53.0,67.0,604.0,0.0,0.0,0.0,0.0,73573,0,0,0,49,UTAH
2355,492355,128.0,332.8089103625378,2.6000696122073266,1029.0,366.0,6.0,657.0,1037.004081112103,135.0,231.0,6.0,0.0,276.0,125.0,29.0,227.0,0.0,0.0,0.0,8.004081112103048,73573,0,0,0,49,UTAH
2356,492356,743.0,2132.801929538173,2.870527496013692,388.0,23.0,14.0,351.0,434.02603791967823,22.0,1.0,2.0,12.0,61.0,28.0,5.0,257.0,1.003081664098613,0.0,0.0,45.02295625557964,76240,537,0,0,49,UTAH
2357,492357,541.0,1577.5318907635412,2.915955435792128,0.0,0.0,0.0,0.0,33.01683458742507,0.0,0.0,0.0,0.0,0.0,0.0,0.0,0.0,0.0,0.0,0.0,33.01683458742507,76240,0,0,0,49,UTAH
2358,492358,131.0,355.76124900823004,2.7157347252536645,260.0,53.0,0.0,207.0,385.33741444543637,1.0,52.0,0.0,0.0,159.0,2.0,18.0,28.0,0.0,117.33333333333331,0.0,8.004081112103048,93966,0,0,0,49,UTAH
2359,492359,815.0,2312.889509681297,2.837901238872757,295.0,13.0,6.0,276.0,345.02550695064406,13.0,0.0,0.0,6.0,1.0,1.0,263.0,11.0,0.0,0.0,0.0,50.02550695064405,93966,0,38,59,49,UTAH
2360,492360,179.0,496.1236276491943,2.7716403779284597,539.0,174.0,0.0,365.0,550.0056115291417,170.0,4.0,0.0,0.0,23.0,81.0,109.0,152.0,0.0,0.0,0.0,11.00561152914169,84771,229,98,98,49,UTAH
2361,492361,592.0,1763.79894669589,2.979390112661976,64.0,0.0,0.0,64.0,100.01836500446372,0.0,0.0,0.0,0.0,32.0,8.0,18.0,6.0,0.0,0.0,0.0,36.01836500446372,84771,0,0,0,49,UTAH
2362,492362,658.0,2004.7985024756583,3.0468062347654383,0.0,0.0,0.0,0.0,40.02040556051524,0.0,0.0,0.0,0.0,0.0,0.0,0.0,0.0,0.0,0.0,0.0,40.02040556051524,87378,0,0,0,49,UTAH
2363,492363,551.0,1586.3597133195767,2.879055741051864,1431.0,50.0,15.0,1366.0,1465.0173447264378,49.0,1.0,13.0,2.0,401.0,22.0,245.0,698.0,0.0,0.0,0.0,34.017344726437955,60159,0,0,0,49,UTAH
2364,492364,117.0,308.97378946124195,2.6408016193268544,1176.0,142.0,4.0,1030.0,1219.0052201553706,63.0,79.0,3.0,1.0,295.0,49.0,336.0,350.0,0.0,0.0,36.00164918228045,7.003570973090167,48562,0,0,0,49,UTAH
2365,492365,640.0,1917.4030591709077,2.995942279954543,700.0,216.0,6.0,478.0,739.0198954215024,200.0,16.0,1.0,5.0,176.0,64.0,83.0,155.0,0.0,0.0,0.0,39.01989542150236,48562,624,0,0,49,UTAH
2366,492366,753.0,2214.900679309303,2.941435165085396,1210.0,313.0,7.0,890.0,1256.0234663945926,312.0,1.0,4.0,3.0,83.0,155.0,16.0,636.0,0.0,0.0,0.0,46.023466394592525,80574,0,0,2057,49,UTAH
2367,492367,440.0,1326.8217301721334,3.015503932209394,883.0,344.0,4.0,535.0,928.014598344488,344.0,0.0,4.0,0.0,246.0,157.0,40.0,92.0,0.0,0.0,18.000824591140226,27.013773753347788,54200,611,1055,0,49,UTAH
2368,492368,755.0,2344.669670883025,3.105522742891424,0.0,0.0,0.0,0.0,46.023466394592525,0.0,0.0,0.0,0.0,0.0,0.0,0.0,0.0,0.0,0.0,0.0,46.023466394592525,85890,0,0,0,49,UTAH
2369,492369,217.0,636.4860062901585,2.933115236360177,766.0,372.0,7.0,387.0,779.0066318071674,35.0,337.0,6.0,1.0,200.0,8.0,84.0,95.0,0.0,0.0,0.0,13.006631807167452,98442,0,0,0,49,UTAH
2370,492370,673.0,1715.2459226376948,2.5486566458212403,920.0,93.0,410.0,417.0,961.0209156995281,21.0,72.0,409.0,1.0,46.0,29.0,37.0,305.0,0.0,0.0,0.0,41.02091569952812,21429,0,0,0,49,UTAH
2371,492371,400.0,1065.518182513483,2.663795456283708,74.0,0.0,0.0,74.0,98.01224333630914,0.0,0.0,0.0,0.0,9.0,0.0,56.0,9.0,0.0,0.0,0.0,24.012243336309144,48664,0,0,0,49,UTAH
2372,492372,572.0,1525.4477376829318,2.66686667427086,526.0,215.0,1.0,310.0,561.0178548654509,159.0,56.0,1.0,0.0,61.0,43.0,14.0,192.0,0.0,0.0,0.0,35.01785486545084,37964,0,0,0,49,UTAH
2373,492373,192.0,519.9587485504901,2.7081184820338025,357.0,239.0,2.0,116.0,369.00612166815455,230.0,9.0,2.0,0.0,11.0,2.0,19.0,84.0,0.0,0.0,0.0,12.006121668154572,39485,0,0,0,49,UTAH
2374,492374,480.0,1270.3236658135063,2.6465076371114717,341.0,7.0,0.0,334.0,370.0147940313735,7.0,0.0,0.0,0.0,36.0,4.0,142.0,152.0,0.0,0.0,0.0,29.014794031373548,39776,0,0,0,49,UTAH
2375,492375,97.0,256.8896363806326,2.6483467668106457,1191.0,184.0,1.0,1006.0,1197.0030608340774,160.0,24.0,1.0,0.0,41.0,15.0,14.0,936.0,0.0,0.0,0.0,6.003060834077286,37413,0,0,0,49,UTAH
2376,492376,281.0,763.6066510970694,2.7174613918045174,1175.0,462.0,69.0,644.0,1196.0088556056946,204.0,258.0,12.0,57.0,102.0,41.0,211.0,290.0,0.0,0.0,4.000183242475606,17.008672363218977,39485,0,0,0,49,UTAH
2377,492377,557.0,1383.3197945307604,2.483518482101904,1012.0,342.0,28.0,642.0,1046.0173447264378,67.0,275.0,28.0,0.0,22.0,63.0,193.0,364.0,0.0,0.0,0.0,34.017344726437955,19457,0,0,0,49,UTAH
2378,492378,211.0,610.002538622052,2.89100729204764,141.0,4.0,0.0,137.0,154.00663180716745,4.0,0.0,0.0,0.0,0.0,2.0,2.0,133.0,0.0,0.0,0.0,13.006631807167452,42815,0,0,0,49,UTAH
2379,492379,441.0,1348.891286562222,3.0587104003678505,14.0,1.0,0.0,13.0,41.01377375334779,0.0,1.0,0.0,0.0,0.0,0.0,0.0,13.0,0.0,0.0,0.0,27.013773753347788,42815,0,0,0,49,UTAH
2380,492380,826.0,1732.018785494162,2.0968750429711407,0.0,0.0,0.0,0.0,50.02550695064405,0.0,0.0,0.0,0.0,0.0,0.0,0.0,0.0,0.0,0.0,0.0,50.02550695064405,18500,0,0,0,49,UTAH
2381,492381,461.0,1338.2978994949794,2.903032319945725,0.0,0.0,0.0,0.0,28.014283892360663,0.0,0.0,0.0,0.0,0.0,0.0,0.0,0.0,0.0,0.0,0.0,28.014283892360663,63315,0,0,0,49,UTAH
2382,492382,168.0,395.4864505103897,2.354086014942796,688.0,237.0,11.0,440.0,698.0051013901289,75.0,162.0,3.0,8.0,5.0,13.0,4.0,418.0,0.0,0.0,0.0,10.00510139012881,19457,0,0,0,49,UTAH
2383,492383,194.0,536.7316114069575,2.766657790757513,318.0,189.0,2.0,127.0,330.00612166815455,12.0,177.0,1.0,1.0,6.0,3.0,21.0,97.0,0.0,0.0,0.0,12.006121668154572,14587,0,0,0,49,UTAH
2384,492384,2.0,8.827822556035485,4.413911278017743,17595.0,1.0,0.0,17594.0,17595.0,0.0,1.0,0.0,0.0,0.0,17594.0,0.0,0.0,0.0,0.0,0.0,0.0,19660,0,0,0,49,UTAH
2385,492385,582.0,1646.388906700618,2.8288469187295844,197.0,19.0,3.0,175.0,232.01785486545083,9.0,10.0,0.0,3.0,49.0,75.0,35.0,16.0,0.0,0.0,0.0,35.01785486545084,54053,943,0,0,49,UTAH
2386,492386,408.0,1210.294472432465,2.9664080206678065,0.0,0.0,0.0,0.0,25.012753475322025,0.0,0.0,0.0,0.0,0.0,0.0,0.0,0.0,0.0,0.0,0.0,25.012753475322025,64418,0,0,0,49,UTAH
2387,492387,1090.0,3057.0749511550885,2.804655918490907,0.0,0.0,0.0,0.0,66.03366917485015,0.0,0.0,0.0,0.0,0.0,0.0,0.0,0.0,0.0,0.0,0.0,66.03366917485015,19632,0,0,0,49,UTAH
2388,492388,864.0,2244.03249374422,2.597259830722477,1358.0,117.0,39.0,1202.0,1411.0270373676826,58.0,59.0,5.0,34.0,48.0,53.0,19.0,1082.0,0.0,0.0,0.0,53.027037367682695,22204,0,0,0,49,UTAH
2389,492389,645.0,1750.557212861837,2.714042190483468,87.0,58.0,0.0,29.0,126.01989542150235,5.0,53.0,0.0,0.0,2.0,0.0,0.0,27.0,0.0,0.0,0.0,39.01989542150236,21453,0,0,0,49,UTAH
2390,492390,579.0,1698.4730597812272,2.933459516029753,102.0,6.0,0.0,96.0,137.01785486545083,2.0,4.0,0.0,0.0,7.0,26.0,0.0,63.0,0.0,0.0,0.0,35.01785486545084,50229,0,0,0,49,UTAH
2391,492391,606.0,1724.0737451937302,2.845006180187674,0.0,0.0,0.0,0.0,37.0188751434766,0.0,0.0,0.0,0.0,0.0,0.0,0.0,0.0,0.0,0.0,0.0,37.0188751434766,39384,0,0,0,49,UTAH
2392,492392,877.0,2410.878340053291,2.749006089000332,387.0,54.0,3.0,330.0,440.0270373676827,34.0,20.0,1.0,2.0,187.0,26.0,15.0,102.0,0.0,0.0,0.0,53.027037367682695,20886,0,0,0,49,UTAH
2393,492393,470.0,1272.0892303247133,2.7065728304781134,0.0,0.0,0.0,0.0,29.014794031373548,0.0,0.0,0.0,0.0,0.0,0.0,0.0,0.0,0.0,0.0,0.0,29.014794031373548,25095,0,0,0,49,UTAH
2394,492394,323.0,870.4233040250988,2.69480899078978,78.0,27.0,0.0,51.0,98.01020278025763,4.0,23.0,0.0,0.0,11.0,5.0,0.0,35.0,0.0,0.0,0.0,20.01020278025762,30007,0,0,0,49,UTAH
2395,492395,508.0,1434.5211653557662,2.8238605617239494,268.0,18.0,5.0,245.0,299.01581430939933,2.0,16.0,0.0,5.0,2.0,5.0,190.0,48.0,0.0,0.0,0.0,31.01581430939931,32793,0,0,0,49,UTAH
2396,492396,185.0,417.5560069004785,2.257059496759343,1192.0,164.0,7.0,1021.0,1203.0056115291418,21.0,143.0,7.0,0.0,473.0,44.0,39.0,465.0,0.0,0.0,0.0,11.00561152914169,25052,0,0,0,49,UTAH
2397,492397,197.0,464.34346644746654,2.357073433743485,71.0,2.0,0.0,69.0,83.00612166815458,0.0,2.0,0.0,0.0,5.0,16.0,3.0,45.0,0.0,0.0,0.0,12.006121668154572,22423,0,0,0,49,UTAH
2398,492398,109.0,242.76512029097583,2.22720293844932,240.0,4.0,8.0,228.0,247.00357097309018,4.0,0.0,0.0,8.0,9.0,74.0,3.0,142.0,0.0,0.0,0.0,7.003570973090167,20743,593,0,0,49,UTAH
2399,492399,118.0,263.951894425461,2.23688046123272,0.0,0.0,0.0,0.0,7.003570973090167,0.0,0.0,0.0,0.0,0.0,0.0,0.0,0.0,0.0,0.0,0.0,7.003570973090167,20743,0,0,0,49,UTAH
2400,492400,37.0,115.64447548406486,3.1255263644341853,1829.0,3.0,3.0,1823.0,1831.0010202780259,3.0,0.0,0.0,3.0,4.0,362.0,875.0,582.0,0.0,0.0,0.0,2.001020278025762,34355,22,9,9,49,UTAH
2401,492401,467.0,1315.3455608492873,2.816585783403185,240.0,107.0,0.0,133.0,268.01428389236065,107.0,0.0,0.0,0.0,0.0,69.0,12.0,52.0,0.0,0.0,0.0,28.014283892360663,85254,785,0,0,49,UTAH
2402,492402,460.0,1262.3786255130744,2.7443013598110317,100.0,0.0,1.0,99.0,128.01428389236065,0.0,0.0,0.0,1.0,20.0,43.0,0.0,36.0,0.0,0.0,0.0,28.014283892360663,55447,0,0,0,49,UTAH
2403,492403,871.0,2485.9148317795925,2.854092803420887,297.0,2.0,35.0,260.0,350.0270373676827,2.0,0.0,14.0,21.0,196.0,29.0,8.0,27.0,0.0,0.0,0.0,53.027037367682695,65015,0,0,0,49,UTAH
2404,492404,426.0,1250.902456190228,2.9363907422305826,0.0,0.0,0.0,0.0,26.013263614334907,0.0,0.0,0.0,0.0,0.0,0.0,0.0,0.0,0.0,0.0,0.0,26.013263614334907,71672,0,0,0,49,UTAH
2405,492405,575.0,1611.077616476476,2.801874115611263,421.0,115.0,6.0,300.0,456.01785486545083,19.0,96.0,0.0,6.0,36.0,104.0,93.0,67.0,0.0,0.0,0.0,35.01785486545084,39482,622,267,267,49,UTAH
2406,492406,252.0,655.024433657833,2.599303308166004,1491.0,4.0,0.0,1487.0,1506.0076520851933,3.0,1.0,0.0,0.0,4.0,22.0,1440.0,21.0,0.0,0.0,0.0,15.007652085193214,42491,0,0,0,49,UTAH
2407,492407,22.0,56.498064358627104,2.5680938344830504,7504.0,118.0,11.0,7375.0,7505.0005101390125,44.0,74.0,0.0,11.0,144.0,714.0,6300.0,217.0,0.0,0.0,0.0,1.000510139012881,30959,0,0,0,49,UTAH
2408,492408,366.0,782.145078464744,2.1370084111058576,89.0,0.0,0.0,89.0,111.01122305828338,0.0,0.0,0.0,0.0,5.0,44.0,16.0,24.0,0.0,0.0,0.0,22.01122305828338,30959,0,961,961,49,UTAH
2409,492409,141.0,357.5268135194372,2.5356511597123204,1722.0,28.0,235.0,1459.0,1731.004591251116,27.0,1.0,217.0,18.0,740.0,284.0,26.0,409.0,0.0,0.0,0.0,9.00459125111593,39482,63,94,94,49,UTAH
2410,492410,426.0,1092.0016501815894,2.563384155355844,0.0,0.0,0.0,0.0,26.013263614334907,0.0,0.0,0.0,0.0,0.0,0.0,0.0,0.0,0.0,0.0,0.0,26.013263614334907,28268,0,0,0,49,UTAH
2411,492411,319.0,817.456368688886,2.56255914949494,214.0,2.0,3.0,209.0,233.00969264124473,2.0,0.0,0.0,3.0,3.0,0.0,180.0,26.0,0.0,0.0,0.0,19.00969264124474,42491,0,0,0,49,UTAH
2412,492412,112.0,230.40616871252612,2.0571979349332694,1216.0,8.0,0.0,1208.0,1223.00357097309,7.0,1.0,0.0,0.0,30.0,94.0,41.0,1043.0,0.0,0.0,0.0,7.003570973090167,18374,0,0,0,49,UTAH
2413,492413,421.0,897.7895539488088,2.132516755222824,386.0,2.0,0.0,384.0,412.0132636143349,1.0,1.0,0.0,0.0,13.0,13.0,163.0,195.0,0.0,0.0,0.0,26.013263614334907,18374,0,0,0,49,UTAH
2414,492414,0.0,0.0,0.0,274.0,26.0,39.0,209.0,666.0179577626093,25.0,1.0,28.0,11.0,110.0,3.0,0.0,96.0,0.0,0.0,392.01795776260934,0.0,42401,0,0,0,49,UTAH
2415,492415,676.0,1713.4803581264875,2.5347342575835614,201.0,18.0,147.0,36.0,287.02297717737866,17.0,1.0,144.0,3.0,12.0,0.0,0.0,24.0,0.0,0.0,45.00206147785056,41.02091569952812,42400,0,0,0,49,UTAH
2416,492416,219.0,560.5667323082533,2.559665444329924,732.0,195.0,26.0,511.0,745.0066318071674,194.0,1.0,1.0,25.0,13.0,125.0,25.0,348.0,0.0,0.0,0.0,13.006631807167452,43307,759,845,0,49,UTAH
2417,492417,558.0,1228.8328998001396,2.2022094978497124,228.0,58.0,0.0,170.0,262.01734472643795,6.0,52.0,0.0,0.0,10.0,31.0,95.0,34.0,0.0,0.0,0.0,34.017344726437955,23876,0,0,0,49,UTAH
2418,492418,300.0,729.178143128531,2.430593810428437,1074.0,318.0,4.0,752.0,1092.0091825022319,154.0,164.0,2.0,2.0,98.0,33.0,92.0,529.0,0.0,0.0,0.0,18.00918250223186,23983,0,0,0,49,UTAH
2419,492419,270.0,707.1085867384423,2.6189206916238605,382.0,102.0,0.0,280.0,398.0081622242061,102.0,0.0,0.0,0.0,21.0,168.0,22.0,69.0,0.0,0.0,0.0,16.008162224206096,42531,0,14,53,49,UTAH
2420,492420,176.0,448.45338584660266,2.548030601401152,2282.0,111.0,23.0,2148.0,2293.005611529142,84.0,27.0,20.0,3.0,553.0,47.0,28.0,1520.0,0.0,0.0,0.0,11.00561152914169,29097,0,0,0,49,UTAH
2421,492421,60.0,174.7908866095026,2.91318144349171,2515.0,574.0,58.0,1883.0,2519.0020405560517,57.0,517.0,36.0,22.0,686.0,124.0,30.0,1043.0,0.0,0.0,0.0,4.002040556051524,29097,0,0,0,49,UTAH
2422,492422,1108.0,3238.045313553816,2.9224235681893647,123.0,3.0,6.0,114.0,190.03417931386304,2.0,1.0,0.0,6.0,25.0,7.0,18.0,64.0,0.0,0.0,0.0,67.03417931386302,63232,0,0,0,49,UTAH
2423,492423,850.0,2454.1346705778647,2.88721725950337,200.0,18.0,134.0,48.0,609.0459174730973,18.0,0.0,15.0,119.0,17.0,2.0,0.0,29.0,1.003081664098613,0.0,356.0163085803289,52.02652722866981,68132,0,0,0,49,UTAH
2424,492424,18.0,45.90467729138452,2.550259849521362,0.0,0.0,0.0,0.0,20.059061756886532,0.0,0.0,0.0,0.0,0.0,0.0,0.0,0.0,19.05855161787365,0.0,0.0,1.000510139012881,63232,0,0,0,49,UTAH
2425,492425,482.0,1452.1768104678372,3.0128149594768407,0.0,0.0,0.0,0.0,32.02403902366939,0.0,0.0,0.0,0.0,0.0,0.0,0.0,0.0,3.00924499229584,0.0,0.0,29.014794031373548,63232,0,0,0,49,UTAH
2426,492426,746.0,2190.182776152404,2.935901844708316,243.0,9.0,12.0,222.0,288.02295625557963,9.0,0.0,0.0,12.0,26.0,69.0,11.0,116.0,0.0,0.0,0.0,45.02295625557964,64807,787,0,0,49,UTAH
2427,492427,299.0,931.3352796617436,3.11483371124329,0.0,0.0,0.0,0.0,18.00918250223186,0.0,0.0,0.0,0.0,0.0,0.0,0.0,0.0,0.0,0.0,0.0,18.00918250223186,68132,0,0,0,49,UTAH
2428,492428,733.0,2170.761566529126,2.9614755341461474,0.0,0.0,0.0,0.0,45.02295625557964,0.0,0.0,0.0,0.0,0.0,0.0,0.0,0.0,0.0,0.0,0.0,45.02295625557964,57394,0,0,0,49,UTAH
2429,492429,182.0,561.4495145638568,3.084887442658554,0.0,0.0,0.0,0.0,11.00561152914169,0.0,0.0,0.0,0.0,0.0,0.0,0.0,0.0,0.0,0.0,0.0,11.00561152914169,57394,0,0,0,49,UTAH
2430,492430,266.0,841.2914895901818,3.162749960865345,47.0,0.0,9.0,38.0,66.01740721650194,0.0,0.0,0.0,9.0,0.0,32.0,6.0,0.0,3.00924499229584,0.0,0.0,16.008162224206096,40918,0,0,0,49,UTAH
2431,492431,748.0,2192.8311229192145,2.931592410319805,78.0,12.0,14.0,52.0,124.02346639459253,12.0,0.0,14.0,0.0,7.0,16.0,7.0,22.0,0.0,0.0,0.0,46.023466394592525,40918,0,0,0,49,UTAH
2432,492432,242.0,723.8814495949098,2.991245659483098,49.0,27.0,0.0,22.0,64.00765208519321,10.0,17.0,0.0,0.0,5.0,0.0,0.0,17.0,0.0,0.0,0.0,15.007652085193214,40918,0,0,0,49,UTAH
2433,492433,2.0,7.062258044828388,3.531129022414194,644.0,47.0,394.0,203.0,653.0277349768875,38.0,9.0,2.0,392.0,26.0,47.0,1.0,129.0,9.02773497688752,0.0,0.0,0.0,50579,0,0,0,49,UTAH
2434,492434,232.0,703.5774577160281,3.032661455672535,283.0,4.0,6.0,273.0,301.0194686025748,4.0,0.0,0.0,6.0,3.0,124.0,29.0,117.0,4.012326656394453,0.0,0.0,14.007141946180331,50579,532,0,0,49,UTAH
2435,492435,627.0,1804.406930453653,2.877841994343944,13.0,2.0,3.0,8.0,51.01938528248948,1.0,1.0,0.0,3.0,0.0,0.0,0.0,8.0,0.0,0.0,0.0,38.01938528248948,58142,0,0,0,49,UTAH
2436,492436,584.0,1809.7036239872743,3.0988075753206754,89.0,40.0,0.0,49.0,125.01836500446372,16.0,24.0,0.0,0.0,5.0,0.0,5.0,39.0,0.0,0.0,0.0,36.01836500446372,58142,473,0,0,49,UTAH
2437,492437,352.0,1070.8148760471042,3.04208771604291,273.0,16.0,5.0,252.0,294.0107129192705,14.0,2.0,1.0,4.0,31.0,66.0,4.0,151.0,0.0,0.0,0.0,21.0107129192705,49830,0,0,0,49,UTAH
2438,492438,6.0,18.53842736767452,3.08973789461242,310.0,1.0,191.0,118.0,312.0061633281972,1.0,0.0,0.0,191.0,1.0,58.0,0.0,59.0,2.006163328197226,0.0,0.0,0.0,50579,0,0,0,49,UTAH
2439,492439,120.0,332.8089103625378,2.7734075863544816,736.0,73.0,0.0,663.0,755.0405509422735,73.0,0.0,0.0,0.0,40.0,63.0,0.0,560.0,12.03697996918336,0.0,0.0,7.003570973090167,50579,0,0,0,49,UTAH
2440,492440,659.0,1965.073300973499,2.981901822418056,0.0,0.0,0.0,0.0,865.0581993211089,0.0,0.0,0.0,0.0,0.0,0.0,0.0,0.0,0.0,0.0,825.0377937605937,40.02040556051524,50579,0,0,0,49,UTAH
2441,492441,699.0,2032.1647523993688,2.90724571158708,54.0,0.0,0.0,54.0,97.02193597755388,0.0,0.0,0.0,0.0,0.0,1.0,47.0,6.0,0.0,0.0,0.0,43.02193597755388,50579,0,0,0,49,UTAH
2442,492442,459.0,1309.1660850600624,2.8522136929413127,60.0,1.0,3.0,56.0,89.01736555645928,1.0,0.0,0.0,3.0,2.0,4.0,42.0,8.0,1.003081664098613,0.0,0.0,28.014283892360663,50579,0,0,0,49,UTAH
2443,492443,210.0,647.9621756130045,3.085534169585736,99.0,1.0,6.0,92.0,112.00663180716745,1.0,0.0,3.0,3.0,1.0,5.0,69.0,17.0,0.0,0.0,0.0,13.006631807167452,52767,0,0,0,49,UTAH
2444,492444,581.0,1675.520721135535,2.8838566628838813,0.0,0.0,0.0,0.0,35.01785486545084,0.0,0.0,0.0,0.0,0.0,0.0,0.0,0.0,0.0,0.0,0.0,35.01785486545084,50579,0,0,0,49,UTAH
2445,492445,993.0,3111.8074510025085,3.1337436565987,82.0,1.0,6.0,75.0,142.03060834077286,0.0,1.0,5.0,1.0,1.0,4.0,20.0,50.0,0.0,0.0,0.0,60.03060834077286,53626,0,0,0,49,UTAH
2446,492446,337.0,1003.7234246212348,2.9784077881935747,0.0,0.0,0.0,0.0,22.013794583369112,0.0,0.0,0.0,0.0,0.0,0.0,0.0,0.0,1.003081664098613,0.0,0.0,21.0107129192705,46439,0,0,0,49,UTAH
2447,492447,348.0,888.9617313927733,2.55448773388728,278.0,16.0,218.0,44.0,299.0107129192705,16.0,0.0,90.0,128.0,4.0,3.0,0.0,37.0,0.0,0.0,0.0,21.0107129192705,42130,0,0,0,49,UTAH
2448,492448,274.0,715.0536270388743,2.6096847702148698,125.0,43.0,1.0,81.0,142.00867236321898,32.0,11.0,1.0,0.0,13.0,3.0,0.0,65.0,0.0,0.0,0.0,17.008672363218977,27781,0,0,0,49,UTAH
2449,492449,217.0,582.636288698342,2.6849598557527283,1101.0,66.0,4.0,1031.0,1114.0066318071674,23.0,43.0,2.0,2.0,257.0,416.0,5.0,353.0,0.0,0.0,0.0,13.006631807167452,35749,0,0,0,49,UTAH
2450,492450,182.0,414.9076601336678,2.279712418316856,2382.0,53.0,690.0,1639.0,2393.005611529142,25.0,28.0,8.0,682.0,1349.0,107.0,43.0,140.0,0.0,0.0,0.0,11.00561152914169,29097,0,0,0,49,UTAH
2451,492451,228.0,582.636288698342,2.555422318852377,412.0,86.0,9.0,317.0,426.00714194618035,86.0,0.0,5.0,4.0,16.0,77.0,7.0,217.0,0.0,0.0,0.0,14.007141946180331,27781,472,0,0,49,UTAH
2452,492452,264.0,666.5006029806791,2.524623496138936,274.0,9.0,24.0,241.0,290.0081622242061,8.0,1.0,20.0,4.0,38.0,5.0,0.0,198.0,0.0,0.0,0.0,16.008162224206096,35786,0,0,0,49,UTAH
2453,492453,230.0,504.9514502052297,2.195441087848825,649.0,76.0,38.0,535.0,663.0071419461804,64.0,12.0,31.0,7.0,194.0,57.0,1.0,283.0,0.0,0.0,0.0,14.007141946180331,29097,0,0,0,49,UTAH
2454,492454,800.0,2165.4648729955043,2.7068310912443803,0.0,0.0,0.0,0.0,49.02499681163117,0.0,0.0,0.0,0.0,0.0,0.0,0.0,0.0,0.0,0.0,0.0,49.02499681163117,16484,0,0,0,49,UTAH
2455,492455,295.0,794.5040300431937,2.6932340001464192,59.0,0.0,53.0,6.0,77.00918250223185,0.0,0.0,53.0,0.0,2.0,0.0,0.0,4.0,0.0,0.0,0.0,18.00918250223186,26675,0,0,0,49,UTAH
2456,492456,193.0,539.3799581737682,2.7947148091905087,219.0,106.0,5.0,108.0,231.00612166815458,104.0,2.0,5.0,0.0,2.0,0.0,49.0,57.0,0.0,0.0,0.0,12.006121668154572,26675,0,0,0,49,UTAH
2457,492457,387.0,1033.7380213117551,2.671157677808153,0.0,0.0,0.0,0.0,24.012243336309144,0.0,0.0,0.0,0.0,0.0,0.0,0.0,0.0,0.0,0.0,0.0,24.012243336309144,26675,0,0,0,49,UTAH
2458,492458,0.0,0.0,0.0,1131.0,736.0,7.0,388.0,1131.0,500.0,236.0,7.0,0.0,57.0,34.0,3.0,294.0,0.0,0.0,0.0,0.0,26675,0,0,0,49,UTAH
2459,492459,2.0,3.0,1.5,2575.0,1045.0,33.0,1497.0,2575.0,752.0,293.0,15.0,18.0,255.0,270.0,1.0,971.0,0.0,0.0,0.0,0.0,26675,0,0,0,49,UTAH
2460,492460,268.0,601.1747160660166,2.2431892390523007,1509.0,6.0,6.0,1497.0,1525.008162224206,4.0,2.0,1.0,5.0,355.0,694.0,158.0,290.0,0.0,0.0,0.0,16.008162224206096,26389,0,0,0,49,UTAH
2461,492461,246.0,573.8084661423065,2.33255474041588,172.0,2.0,0.0,170.0,187.00765208519323,0.0,2.0,0.0,0.0,30.0,21.0,84.0,35.0,0.0,0.0,0.0,15.007652085193214,25651,0,0,0,49,UTAH
2462,492462,337.0,792.7384655319865,2.352339660332304,305.0,86.0,3.0,216.0,326.0107129192705,80.0,6.0,3.0,0.0,3.0,8.0,21.0,184.0,0.0,0.0,0.0,21.0107129192705,29438,0,0,0,49,UTAH
2463,492463,404.0,976.3571746975248,2.416725679944368,38.0,8.0,5.0,25.0,63.01275347532203,8.0,0.0,5.0,0.0,2.0,1.0,0.0,22.0,0.0,0.0,0.0,25.012753475322025,32117,0,0,0,49,UTAH
2464,492464,288.0,663.8522562138685,2.3050425562981545,284.0,86.0,56.0,142.0,302.00918250223185,50.0,36.0,37.0,19.0,29.0,4.0,5.0,104.0,0.0,0.0,0.0,18.00918250223186,31993,0,0,0,49,UTAH
2465,492465,276.0,677.9767723035252,2.4564375808098737,336.0,135.0,13.0,188.0,353.008672363219,99.0,36.0,10.0,3.0,4.0,14.0,17.0,153.0,0.0,0.0,0.0,17.008672363218977,22621,0,0,0,49,UTAH
2466,492466,281.0,630.3065305009336,2.243083738437486,250.0,9.0,0.0,241.0,267.008672363219,9.0,0.0,0.0,0.0,3.0,135.0,83.0,20.0,0.0,0.0,0.0,17.008672363218977,16417,0,0,0,49,UTAH
2467,492467,541.0,1527.2133021941388,2.822945105719296,265.0,82.0,10.0,173.0,298.0168345874251,82.0,0.0,0.0,10.0,10.0,52.0,11.0,100.0,0.0,0.0,0.0,33.01683458742507,43624,464,0,0,49,UTAH
2468,492468,332.0,922.5074571057082,2.7786369189930973,0.0,0.0,0.0,0.0,20.01020278025762,0.0,0.0,0.0,0.0,0.0,0.0,0.0,0.0,0.0,0.0,0.0,20.01020278025762,46569,0,0,0,49,UTAH
2469,492469,36.0,100.63717713880452,2.7954771427445704,694.0,149.0,186.0,359.0,696.0010202780257,108.0,41.0,149.0,37.0,4.0,30.0,51.0,274.0,0.0,0.0,0.0,2.001020278025762,26675,0,0,0,49,UTAH
2470,492470,416.0,1236.7779401005714,2.973023894472528,285.0,3.0,108.0,174.0,310.01275347532203,3.0,0.0,97.0,11.0,8.0,8.0,24.0,134.0,0.0,0.0,0.0,25.012753475322025,27905,0,0,0,49,UTAH
2471,492471,0.0,0.0,0.0,2457.0,860.0,514.0,1083.0,2457.0,579.0,281.0,334.0,180.0,184.0,198.0,62.0,639.0,0.0,0.0,0.0,0.0,26675,0,0,0,49,UTAH
2472,492472,0.0,0.0,0.0,896.0,30.0,230.0,636.0,896.0,25.0,5.0,165.0,65.0,99.0,169.0,3.0,365.0,0.0,0.0,0.0,0.0,26675,0,29,29,49,UTAH
2473,492473,0.0,0.0,0.0,54.0,0.0,54.0,0.0,55.003081664098616,0.0,0.0,0.0,54.0,0.0,0.0,0.0,0.0,1.003081664098613,0.0,0.0,0.0,27905,0,0,0,49,UTAH
2474,492474,405.0,1177.6315289751335,2.907732170308972,344.0,81.0,91.0,172.0,386.01353225584336,80.0,1.0,74.0,17.0,80.0,13.0,2.0,77.0,0.0,0.0,17.000778780521323,25.012753475322025,27905,0,0,0,49,UTAH
2475,492475,778.0,2326.1312435153504,2.9898859171148464,263.0,20.0,58.0,185.0,310.0239765336054,19.0,1.0,12.0,46.0,95.0,7.0,9.0,74.0,0.0,0.0,0.0,47.023976533605406,59921,0,0,0,49,UTAH
2476,492476,539.0,1599.6014471536298,2.9677206811755656,0.0,0.0,0.0,0.0,33.01683458742507,0.0,0.0,0.0,0.0,0.0,0.0,0.0,0.0,0.0,0.0,0.0,33.01683458742507,59921,0,0,0,49,UTAH
2477,492477,245.0,754.7788285410339,3.0807299124123837,275.0,106.0,22.0,147.0,290.00765208519323,96.0,10.0,20.0,2.0,93.0,14.0,1.0,39.0,0.0,0.0,0.0,15.007652085193214,59921,0,0,0,49,UTAH
2478,492478,0.0,0.0,0.0,3654.0,107.0,22.0,3525.0,3654.0,15.0,92.0,20.0,2.0,2611.0,385.0,333.0,196.0,0.0,0.0,0.0,0.0,26675,0,0,0,49,UTAH
2479,492479,161.0,419.3215714116856,2.604481810010469,625.0,23.0,98.0,504.0,635.0051013901289,16.0,7.0,94.0,4.0,159.0,195.0,18.0,132.0,0.0,0.0,0.0,10.00510139012881,26675,0,0,0,49,UTAH
2480,492480,0.0,0.0,0.0,50.0,1.0,10.0,39.0,54.01232665639445,1.0,0.0,6.0,4.0,20.0,2.0,2.0,15.0,4.012326656394453,0.0,0.0,0.0,72764,0,0,0,49,UTAH
2481,492481,54.0,147.4246366857926,2.7300858645517145,454.0,4.0,237.0,213.0,457.0015304170386,4.0,0.0,230.0,7.0,183.0,18.0,0.0,12.0,0.0,0.0,0.0,3.001530417038643,72764,0,0,0,49,UTAH
2482,492482,652.0,1968.6044299959133,3.0193319478464926,489.0,49.0,43.0,397.0,529.0204055605152,49.0,0.0,27.0,16.0,104.0,154.0,24.0,115.0,0.0,0.0,0.0,40.02040556051524,47838,486,0,0,49,UTAH
2483,492483,3.0,6.179475789224839,2.0598252630749463,898.0,79.0,425.0,394.0,898.0,31.0,48.0,311.0,114.0,161.0,134.0,0.0,99.0,0.0,0.0,0.0,0.0,72764,0,0,0,49,UTAH
2484,492484,0.0,0.0,0.0,1706.0,0.0,1282.0,424.0,1708.0061633281973,0.0,0.0,1191.0,91.0,3.0,33.0,1.0,387.0,2.006163328197226,0.0,0.0,0.0,72764,0,0,0,49,UTAH
2485,492485,0.0,0.0,0.0,724.0,4.0,635.0,85.0,727.0092449922959,4.0,0.0,369.0,266.0,0.0,51.0,0.0,34.0,3.00924499229584,0.0,0.0,0.0,72764,0,0,0,49,UTAH
2486,492486,0.0,0.0,0.0,2245.0,831.0,208.0,1206.0,2251.0184899845917,733.0,98.0,183.0,25.0,444.0,50.0,16.0,696.0,6.01848998459168,0.0,0.0,0.0,26675,0,0,0,49,UTAH
2487,492487,0.0,0.0,0.0,514.0,0.0,490.0,24.0,515.0030816640987,0.0,0.0,399.0,91.0,22.0,1.0,0.0,1.0,1.003081664098613,0.0,0.0,0.0,76322,0,0,0,49,UTAH
2488,492488,0.0,0.0,0.0,1775.0,33.0,1406.0,336.0,1775.0,33.0,0.0,1172.0,234.0,178.0,25.0,40.0,93.0,0.0,0.0,0.0,0.0,76322,0,0,0,49,UTAH
2489,492489,0.0,0.0,0.0,846.0,259.0,152.0,435.0,6918.296377198848,254.0,5.0,39.0,113.0,195.0,59.0,1.0,180.0,6.01848998459168,0.0,6066.277887214256,0.0,76322,18,26,54,49,UTAH
2490,492490,145.0,394.60366825478616,2.721404608653698,0.0,0.0,0.0,0.0,13.016917907510383,0.0,0.0,0.0,0.0,0.0,0.0,0.0,0.0,4.012326656394453,0.0,0.0,9.00459125111593,76322,0,0,0,49,UTAH
2491,492491,0.0,0.0,0.0,24.0,0.0,24.0,0.0,28.012326656394453,0.0,0.0,4.0,20.0,0.0,0.0,0.0,0.0,4.012326656394453,0.0,0.0,0.0,76322,0,0,0,49,UTAH
2492,492492,0.0,0.0,0.0,769.0,492.0,95.0,182.0,1650.0525025691709,491.0,1.0,41.0,54.0,19.0,24.0,0.0,139.0,4.012326656394453,0.0,877.0401759127766,0.0,76322,0,0,0,49,UTAH
2493,492493,414.0,1217.3567304772937,2.940475194389598,208.0,5.0,24.0,179.0,235.01891680351926,3.0,2.0,1.0,23.0,19.0,75.0,2.0,83.0,2.006163328197226,0.0,0.0,25.012753475322025,76322,0,144,176,49,UTAH
2494,492494,514.0,1565.1729391850915,3.045083539270606,231.0,15.0,45.0,171.0,262.01581430939933,7.0,8.0,0.0,45.0,29.0,55.0,0.0,87.0,0.0,0.0,0.0,31.01581430939931,76322,737,92,0,49,UTAH
2495,492495,0.0,0.0,0.0,1405.0,740.0,3.0,662.0,1409.0123266563944,716.0,24.0,2.0,1.0,26.0,18.0,3.0,615.0,4.012326656394453,0.0,0.0,0.0,56752,0,0,0,49,UTAH
2496,492496,672.0,1847.663260978227,2.749498900265219,181.0,3.0,3.0,175.0,222.02091569952813,3.0,0.0,0.0,3.0,17.0,116.0,0.0,42.0,0.0,0.0,0.0,41.02091569952812,56752,524,150,0,49,UTAH
2497,492497,502.0,1554.5795521178488,3.096772016171013,420.0,2.0,3.0,415.0,451.01581430939933,1.0,1.0,3.0,0.0,22.0,13.0,290.0,90.0,0.0,0.0,0.0,31.01581430939931,56752,0,0,0,49,UTAH
2498,492498,154.0,429.9149584789281,2.791655574538494,465.0,346.0,1.0,118.0,1142.0351927445422,302.0,44.0,1.0,0.0,12.0,7.0,0.0,99.0,0.0,0.0,668.0306014934262,9.00459125111593,61210,0,0,0,49,UTAH
2499,492499,291.0,774.200038164312,2.660481230805196,634.0,206.0,107.0,321.0,653.0122641663305,206.0,0.0,102.0,5.0,20.0,56.0,0.0,245.0,1.003081664098613,0.0,0.0,18.00918250223186,46924,0,0,0,49,UTAH
2500,492500,315.0,888.9617313927733,2.822100734580233,150.0,66.0,0.0,84.0,169.00969264124473,18.0,48.0,0.0,0.0,13.0,3.0,35.0,33.0,0.0,0.0,0.0,19.00969264124474,48441,0,0,0,49,UTAH
2501,492501,544.0,1629.6160438441505,2.9956177276546883,0.0,0.0,0.0,0.0,33.01683458742507,0.0,0.0,0.0,0.0,0.0,0.0,0.0,0.0,0.0,0.0,0.0,33.01683458742507,60654,0,0,0,49,UTAH
2502,492502,563.0,1557.2278988846597,2.7659465344310115,396.0,129.0,10.0,257.0,430.01734472643795,102.0,27.0,9.0,1.0,32.0,17.0,83.0,125.0,0.0,0.0,0.0,34.017344726437955,48441,0,0,0,49,UTAH
2503,492503,397.0,1194.404391831601,3.008575294286149,529.0,136.0,68.0,325.0,553.0122433363091,136.0,0.0,44.0,24.0,33.0,50.0,26.0,216.0,0.0,0.0,0.0,24.012243336309144,46924,0,0,0,49,UTAH
2504,492504,258.0,787.4417719983653,3.0520998914665323,154.0,74.0,1.0,79.0,170.0081622242061,15.0,59.0,0.0,1.0,8.0,1.0,8.0,62.0,0.0,0.0,0.0,16.008162224206096,45720,0,0,0,49,UTAH
2505,492505,310.0,884.5478201147556,2.8533800648863084,187.0,76.0,31.0,80.0,206.00969264124473,46.0,30.0,7.0,24.0,12.0,5.0,14.0,49.0,0.0,0.0,0.0,19.00969264124474,32863,0,0,0,49,UTAH
2506,492506,540.0,1491.902011969997,2.7627815036481422,185.0,8.0,15.0,162.0,218.01683458742508,5.0,3.0,0.0,15.0,20.0,25.0,2.0,115.0,0.0,0.0,0.0,33.01683458742507,43053,548,0,0,49,UTAH
2507,492507,382.0,1068.1665292802936,2.7962474588489363,0.0,0.0,0.0,0.0,23.011733197296262,0.0,0.0,0.0,0.0,0.0,0.0,0.0,0.0,0.0,0.0,0.0,23.011733197296262,56716,0,0,0,49,UTAH
2508,492508,302.0,904.8518119936372,2.9961980529590635,1822.0,305.0,10.0,1507.0,1840.0091825022319,135.0,170.0,3.0,7.0,114.0,193.0,64.0,1136.0,0.0,0.0,0.0,18.00918250223186,40398,0,0,0,49,UTAH
2509,492509,289.0,745.9510059849985,2.5811453494290606,671.0,76.0,5.0,590.0,689.0091825022319,66.0,10.0,5.0,0.0,52.0,83.0,145.0,310.0,0.0,0.0,0.0,18.00918250223186,43773,0,0,0,49,UTAH
2510,492510,272.0,721.2331028280992,2.651592289809188,597.0,262.0,9.0,326.0,614.0086723632189,259.0,3.0,5.0,4.0,6.0,58.0,46.0,216.0,0.0,0.0,0.0,17.008672363218977,45083,0,1137,62,49,UTAH
2511,492511,447.0,1182.928222508755,2.6463718624356933,15.0,1.0,0.0,14.0,42.01377375334779,1.0,0.0,0.0,0.0,3.0,3.0,4.0,4.0,0.0,0.0,0.0,27.013773753347788,53273,0,0,0,49,UTAH
2512,492512,417.0,1323.2906011497191,3.1733587557547223,466.0,46.0,20.0,400.0,491.01275347532203,45.0,1.0,0.0,20.0,48.0,131.0,7.0,214.0,0.0,0.0,0.0,25.012753475322025,85930,0,0,0,49,UTAH
2513,492513,264.0,705.3430222272352,2.671753872072861,1549.0,794.0,11.0,744.0,1566.0112438883045,495.0,299.0,10.0,1.0,25.0,125.0,24.0,570.0,1.003081664098613,0.0,0.0,16.008162224206096,42945,0,0,0,49,UTAH
2514,492514,526.0,1514.854350615689,2.879951236911957,990.0,76.0,6.0,908.0,1022.0163244484122,38.0,38.0,3.0,3.0,12.0,126.0,2.0,768.0,0.0,0.0,0.0,32.01632444841219,57788,0,0,0,49,UTAH
2515,492515,506.0,1456.590721745855,2.878637790011571,372.0,29.0,52.0,291.0,405.02197763759654,11.0,18.0,33.0,19.0,53.0,17.0,29.0,192.0,2.006163328197226,0.0,0.0,31.01581430939931,57788,0,0,0,49,UTAH
2516,492516,592.0,1837.0698739109844,3.1031585707955816,728.0,191.0,178.0,359.0,1955.075961305055,189.0,2.0,161.0,17.0,151.0,37.0,1.0,170.0,1.003081664098613,0.0,1190.0545146364927,36.01836500446372,42945,0,0,0,49,UTAH
2517,492517,333.0,1044.3314083789978,3.1361303554924858,0.0,0.0,0.0,0.0,21.013284444356234,0.0,0.0,0.0,0.0,0.0,0.0,0.0,0.0,1.003081664098613,0.0,0.0,20.01020278025762,57788,0,0,0,49,UTAH
2518,492518,583.0,1784.1029385747715,3.0602108723409462,21.0,9.0,11.0,1.0,57.02093652954946,9.0,0.0,6.0,5.0,0.0,1.0,0.0,0.0,1.003081664098613,0.0,0.0,35.01785486545084,57788,0,0,0,49,UTAH
2519,492519,538.0,1490.13644745879,2.7697703484364125,181.0,95.0,36.0,50.0,215.01991625152368,92.0,3.0,16.0,20.0,1.0,5.0,0.0,44.0,1.003081664098613,0.0,0.0,33.01683458742507,57788,0,0,0,49,UTAH
2520,492520,192.0,538.4971759181645,2.8046727912404403,71.0,18.0,2.0,51.0,84.0092033322532,18.0,0.0,0.0,2.0,25.0,2.0,0.0,24.0,1.003081664098613,0.0,0.0,12.006121668154572,52259,0,0,0,49,UTAH
2521,492521,2.0,5.296693533621291,2.6483467668106453,174.0,4.0,154.0,16.0,182.0246533127889,3.0,1.0,154.0,0.0,1.0,12.0,1.0,2.0,8.024653312788907,0.0,0.0,0.0,38465,0,0,0,49,UTAH
2522,492522,26.0,67.09145142586969,2.5804404394565266,0.0,0.0,0.0,0.0,4.007183606222988,0.0,0.0,0.0,0.0,0.0,0.0,0.0,0.0,2.006163328197226,0.0,0.0,2.001020278025762,38465,0,0,0,49,UTAH
2523,492523,6.0,19.421209623278067,3.2368682705463443,193.0,5.0,169.0,19.0,196.00924499229583,5.0,0.0,60.0,109.0,0.0,10.0,0.0,9.0,3.00924499229584,0.0,0.0,0.0,38465,0,0,0,49,UTAH
2524,492524,47.0,147.4246366857926,3.136694397570055,70.0,16.0,30.0,24.0,75.00769374523587,7.0,9.0,3.0,27.0,0.0,1.0,0.0,23.0,2.006163328197226,0.0,0.0,3.001530417038643,43185,0,0,0,49,UTAH
2525,492525,140.0,417.5560069004785,2.982542906431989,158.0,52.0,0.0,106.0,167.00459125111593,49.0,3.0,0.0,0.0,4.0,16.0,10.0,76.0,0.0,0.0,0.0,9.00459125111593,40860,0,0,4,49,UTAH
2526,492526,285.0,756.544393052241,2.6545417300078635,814.0,83.0,11.0,720.0,839.0090388481701,47.0,36.0,11.0,0.0,12.0,107.0,256.0,345.0,0.0,0.0,8.000366484951211,17.008672363218977,38851,817,0,0,49,UTAH
2527,492527,458.0,1222.6534240109147,2.6695489607225213,216.0,118.0,0.0,98.0,244.01428389236065,118.0,0.0,0.0,0.0,2.0,30.0,0.0,66.0,0.0,0.0,0.0,28.014283892360663,37934,642,80,0,49,UTAH
2528,492528,394.0,1189.9904805535834,3.0202804074964047,673.0,49.0,58.0,566.0,697.0122433363091,49.0,0.0,0.0,58.0,3.0,242.0,13.0,308.0,0.0,0.0,0.0,24.012243336309144,45844,17,8,1436,49,UTAH
2529,492529,402.0,1349.7740688178258,3.357646937357776,211.0,43.0,16.0,152.0,235.01224333630915,43.0,0.0,11.0,5.0,35.0,35.0,20.0,62.0,0.0,0.0,0.0,24.012243336309144,85759,0,0,0,49,UTAH
2530,492530,332.0,1060.2214889798618,3.193438219818861,0.0,0.0,0.0,0.0,20.01020278025762,0.0,0.0,0.0,0.0,0.0,0.0,0.0,0.0,0.0,0.0,0.0,20.01020278025762,84556,0,0,0,49,UTAH
2531,492531,270.0,843.0570541013889,3.122433533708848,16.0,0.0,1.0,15.0,32.008162224206096,0.0,0.0,0.0,1.0,1.0,1.0,0.0,13.0,0.0,0.0,0.0,16.008162224206096,48272,0,0,0,49,UTAH
2532,492532,284.0,895.1412071819982,3.151905659091543,204.0,9.0,17.0,178.0,221.00867236321898,9.0,0.0,0.0,17.0,7.0,33.0,3.0,135.0,0.0,0.0,0.0,17.008672363218977,48095,733,0,0,49,UTAH
2533,492533,495.0,1500.7298345260324,3.0317774434869342,0.0,0.0,0.0,0.0,30.01530417038643,0.0,0.0,0.0,0.0,0.0,0.0,0.0,0.0,0.0,0.0,0.0,30.01530417038643,76570,0,0,0,49,UTAH
2534,492534,272.0,824.5186267337143,3.031318480638656,0.0,0.0,0.0,0.0,17.008672363218977,0.0,0.0,0.0,0.0,0.0,0.0,0.0,0.0,0.0,0.0,0.0,17.008672363218977,45844,0,0,0,49,UTAH
2535,492535,449.0,1521.9166086605176,3.389569284321865,0.0,0.0,0.0,0.0,27.013773753347788,0.0,0.0,0.0,0.0,0.0,0.0,0.0,0.0,0.0,0.0,0.0,27.013773753347788,110994,0,0,0,49,UTAH
2536,492536,243.0,776.8483849311227,3.196906933872933,0.0,0.0,0.0,0.0,15.007652085193214,0.0,0.0,0.0,0.0,0.0,0.0,0.0,0.0,0.0,0.0,0.0,15.007652085193214,51775,0,0,0,49,UTAH
2537,492537,307.0,990.4816907871814,3.2263247256911445,128.0,36.0,25.0,67.0,147.00969264124473,36.0,0.0,0.0,25.0,3.0,12.0,2.0,50.0,0.0,0.0,0.0,19.00969264124474,73688,0,0,0,49,UTAH
2538,492538,278.0,861.5954814690633,3.099264321831163,0.0,0.0,0.0,0.0,17.008672363218977,0.0,0.0,0.0,0.0,0.0,0.0,0.0,0.0,0.0,0.0,0.0,17.008672363218977,73688,0,0,0,49,UTAH
2539,492539,436.0,1297.6899157372163,2.976353017745909,243.0,36.0,34.0,173.0,270.0137737533478,36.0,0.0,2.0,32.0,67.0,58.0,13.0,35.0,0.0,0.0,0.0,27.013773753347788,96398,601,0,0,49,UTAH
2540,492540,114.0,342.51951517417683,3.004557150650674,86.0,7.0,35.0,44.0,93.00357097309016,7.0,0.0,1.0,34.0,11.0,0.0,0.0,33.0,0.0,0.0,0.0,7.003570973090167,49535,0,0,0,49,UTAH
2541,492541,856.0,2748.98394394945,3.2114298410624413,41.0,18.0,3.0,20.0,96.03577222096565,18.0,0.0,3.0,0.0,12.0,1.0,0.0,7.0,3.00924499229584,0.0,0.0,52.02652722866981,72263,0,0,0,49,UTAH
2542,492542,258.0,790.0901187651759,3.0623648014154106,389.0,129.0,28.0,232.0,406.0112438883047,129.0,0.0,20.0,8.0,112.0,20.0,52.0,48.0,1.003081664098613,0.0,0.0,16.008162224206096,73637,0,0,0,49,UTAH
2543,492543,288.0,899.5551184600159,3.123455272430611,337.0,2.0,2.0,333.0,356.01226416633045,2.0,0.0,2.0,0.0,6.0,136.0,6.0,185.0,1.003081664098613,0.0,0.0,18.00918250223186,73688,559,70,0,49,UTAH
2544,492544,381.0,1265.9097545354884,3.3225977809330405,514.0,27.0,33.0,454.0,537.0117331972963,8.0,19.0,1.0,32.0,18.0,138.0,9.0,289.0,0.0,0.0,0.0,23.011733197296262,88331,0,1207,0,49,UTAH
2545,492545,350.0,1086.7049566479682,3.1048713047084804,0.0,0.0,0.0,0.0,23.016876247467724,0.0,0.0,0.0,0.0,0.0,0.0,0.0,0.0,2.006163328197226,0.0,0.0,21.0107129192705,92324,0,0,0,49,UTAH
2546,492546,635.0,1878.560639924351,2.958363212479293,0.0,0.0,0.0,0.0,40.02297708560098,0.0,0.0,0.0,0.0,0.0,0.0,0.0,0.0,1.003081664098613,0.0,0.0,39.01989542150236,72263,0,0,0,49,UTAH
2547,492547,324.0,979.0055214643352,3.021621979828195,473.0,45.0,89.0,339.0,493.0102027802576,45.0,0.0,76.0,13.0,35.0,89.0,8.0,207.0,0.0,0.0,0.0,20.01020278025762,72263,525,0,0,49,UTAH
2548,492548,810.0,2520.343339748131,3.1115349873433717,164.0,15.0,11.0,138.0,214.02807847572979,15.0,0.0,7.0,4.0,8.0,16.0,53.0,61.0,1.003081664098613,0.0,0.0,49.02499681163117,72263,0,0,0,49,UTAH
2549,492549,499.0,1608.4292697096653,3.223305149718768,829.0,13.0,326.0,490.0,860.0183858344851,13.0,0.0,191.0,135.0,18.0,104.0,170.0,198.0,1.003081664098613,0.0,0.0,30.01530417038643,79487,0,0,0,49,UTAH
2550,492550,354.0,1128.195722661335,3.186993566839929,33.0,3.0,0.0,30.0,88.014304722382,3.0,0.0,0.0,0.0,4.0,0.0,14.0,12.0,1.003081664098613,32.0,0.0,22.01122305828338,81903,0,0,0,49,UTAH
2551,492551,77.0,210.1021768336445,2.7285996991382406,0.0,0.0,0.0,0.0,5.002550695064405,0.0,0.0,0.0,0.0,0.0,0.0,0.0,0.0,0.0,0.0,0.0,5.002550695064405,77565,0,0,0,49,UTAH
2552,492552,291.0,926.921368383726,3.185296798569505,154.0,18.0,1.0,135.0,175.01842749452769,17.0,1.0,0.0,1.0,22.0,15.0,19.0,79.0,3.00924499229584,0.0,0.0,18.00918250223186,79448,0,0,0,49,UTAH
2553,492553,172.0,528.7865711065256,3.074340529689102,0.0,0.0,0.0,0.0,12.011264718326037,0.0,0.0,0.0,0.0,0.0,0.0,0.0,0.0,2.006163328197226,0.0,0.0,10.00510139012881,81903,0,0,0,49,UTAH
2554,492554,722.0,2121.325760215327,2.938124321627877,197.0,157.0,3.0,37.0,241.02244611656675,157.0,0.0,3.0,0.0,2.0,3.0,0.0,32.0,0.0,0.0,0.0,44.02244611656676,79487,0,0,0,49,UTAH
2555,492555,705.0,2058.648220067475,2.92006839725883,1267.0,772.0,6.0,489.0,1310.0219359775538,772.0,0.0,5.0,1.0,13.0,24.0,1.0,451.0,0.0,0.0,0.0,43.02193597755388,81903,0,0,0,49,UTAH
2556,492556,0.0,0.0,0.0,1550.0,153.0,595.0,802.0,1550.0,149.0,4.0,589.0,6.0,197.0,170.0,5.0,430.0,0.0,0.0,0.0,0.0,38465,0,0,0,49,UTAH
2557,492557,153.0,415.7904423892713,2.717584590779551,13.0,1.0,3.0,9.0,25.01383624341177,1.0,0.0,3.0,0.0,0.0,0.0,0.0,9.0,3.00924499229584,0.0,0.0,9.00459125111593,38465,0,0,0,49,UTAH
2558,492558,48.0,136.83124961855003,2.8506510337197923,0.0,0.0,0.0,0.0,4.004612081137256,0.0,0.0,0.0,0.0,0.0,0.0,0.0,0.0,1.003081664098613,0.0,0.0,3.001530417038643,38465,0,0,0,49,UTAH
2559,492559,0.0,0.0,0.0,1273.0,507.0,252.0,514.0,1273.0,390.0,117.0,252.0,0.0,177.0,86.0,48.0,203.0,0.0,0.0,0.0,0.0,38465,0,0,0,49,UTAH
2560,492560,0.0,0.0,0.0,1883.0,1062.0,37.0,784.0,1973.0041229557012,715.0,347.0,36.0,1.0,124.0,164.0,20.0,476.0,0.0,0.0,90.00412295570112,0.0,38465,0,0,0,49,UTAH
2561,492561,640.0,1867.9672528571089,2.918698832589232,135.0,43.0,18.0,74.0,176.0260587496996,42.0,1.0,16.0,2.0,15.0,6.0,4.0,49.0,2.006163328197226,0.0,0.0,39.01989542150236,38465,0,0,0,49,UTAH
2562,492562,561.0,1767.3300757183042,3.1503209905852123,284.0,175.0,0.0,109.0,318.01734472643795,86.0,89.0,0.0,0.0,11.0,6.0,1.0,91.0,0.0,0.0,0.0,34.017344726437955,44586,0,0,0,49,UTAH
2563,492563,165.0,501.42032118281554,3.038911037471609,0.0,0.0,0.0,0.0,11.008183054227423,0.0,0.0,0.0,0.0,0.0,0.0,0.0,0.0,1.003081664098613,0.0,0.0,10.00510139012881,72263,0,0,0,49,UTAH
2564,492564,360.0,1054.042013190637,2.927894481085102,241.0,87.0,4.0,150.0,267.02354971467787,87.0,0.0,0.0,4.0,31.0,46.0,0.0,73.0,4.012326656394453,0.0,0.0,22.01122305828338,72263,563,0,0,49,UTAH
2565,492565,469.0,1409.803262198867,3.0059771049016355,3.0,0.0,1.0,2.0,34.02095735957077,0.0,0.0,0.0,1.0,1.0,0.0,1.0,0.0,2.006163328197226,0.0,0.0,29.014794031373548,72263,0,0,0,49,UTAH
2566,492566,540.0,1780.5718095523573,3.297355202874736,120.0,43.0,0.0,77.0,158.3501679207584,43.0,0.0,0.0,0.0,20.0,30.0,11.0,16.0,0.0,5.333333333333333,0.0,33.01683458742507,77565,493,185,62,49,UTAH
2567,492567,297.0,956.053182818643,3.2190342855846565,933.0,188.0,26.0,719.0,951.0091825022319,168.0,20.0,0.0,26.0,31.0,352.0,2.0,334.0,0.0,0.0,0.0,18.00918250223186,77565,0,0,1438,49,UTAH
2568,492568,387.0,1202.3494321320331,3.106846077860551,0.0,0.0,0.0,0.0,25.015325000407756,0.0,0.0,0.0,0.0,0.0,0.0,0.0,0.0,1.003081664098613,0.0,0.0,24.012243336309144,77565,0,0,0,49,UTAH
2569,492569,591.0,1909.4580188704756,3.230893432944967,0.0,0.0,0.0,0.0,36.01836500446372,0.0,0.0,0.0,0.0,0.0,0.0,0.0,0.0,0.0,0.0,0.0,36.01836500446372,77565,0,0,0,49,UTAH
2570,492570,352.0,1083.173827625554,3.0771983739362327,0.0,0.0,0.0,0.0,21.0107129192705,0.0,0.0,0.0,0.0,0.0,0.0,0.0,0.0,0.0,0.0,0.0,21.0107129192705,77565,0,0,0,49,UTAH
2571,492571,277.0,827.1669735005249,2.986162359207672,42.0,0.0,0.0,42.0,59.00867236321898,0.0,0.0,0.0,0.0,0.0,0.0,42.0,0.0,0.0,0.0,0.0,17.008672363218977,77565,0,25,64,49,UTAH
2572,492572,177.0,510.248143738851,2.882757874230797,53.0,5.0,2.0,46.0,64.00561152914169,5.0,0.0,0.0,2.0,1.0,2.0,0.0,43.0,0.0,0.0,0.0,11.00561152914169,79487,0,0,0,49,UTAH
2573,492573,18.0,44.13911278017743,2.452172932232079,425.0,201.0,56.0,168.0,426.0005101390129,201.0,0.0,0.0,56.0,75.0,75.0,0.0,18.0,0.0,0.0,0.0,1.000510139012881,67950,0,0,0,49,UTAH
2574,492574,492.0,1483.956971669565,3.0161727066454573,1.0,0.0,0.0,1.0,32.018385834485045,0.0,0.0,0.0,0.0,0.0,0.0,0.0,1.0,1.003081664098613,0.0,0.0,30.01530417038643,77226,0,0,0,49,UTAH
2575,492575,303.0,941.9286667289864,3.10867546775243,40.0,12.0,0.0,28.0,59.012264166330475,2.0,10.0,0.0,0.0,0.0,0.0,2.0,26.0,1.003081664098613,0.0,0.0,18.00918250223186,66057,0,0,0,49,UTAH
2576,492576,741.0,2445.3068480218294,3.3000092415949114,0.0,0.0,0.0,0.0,45.02295625557964,0.0,0.0,0.0,0.0,0.0,0.0,0.0,0.0,0.0,0.0,0.0,45.02295625557964,70255,0,0,0,49,UTAH
2577,492577,232.0,728.2953608729275,3.139204141693653,192.0,153.0,3.0,36.0,206.00714194618033,153.0,0.0,0.0,3.0,3.0,7.0,0.0,26.0,0.0,0.0,0.0,14.007141946180331,77565,0,0,0,49,UTAH
2578,492578,548.0,1812.3519707540847,3.307211625463659,0.0,0.0,0.0,0.0,33.01683458742507,0.0,0.0,0.0,0.0,0.0,0.0,0.0,0.0,0.0,0.0,0.0,33.01683458742507,58053,0,0,0,49,UTAH
2579,492579,277.0,938.397537706572,3.387716742623004,232.0,6.0,11.0,215.0,251.0148356914162,6.0,0.0,0.0,11.0,34.0,59.0,1.0,121.0,2.006163328197226,0.0,0.0,17.008672363218977,61937,518,0,0,49,UTAH
2580,492580,951.0,3138.290918670615,3.2999904507577447,482.0,135.0,8.0,339.0,541.0326697268457,107.0,28.0,3.0,5.0,14.0,44.0,107.0,174.0,1.003081664098613,0.0,0.0,58.029588062747095,68378,532,0,0,49,UTAH
2581,492581,526.0,1653.4511647454462,3.1434432789837383,371.0,44.0,11.0,316.0,404.0194061125108,39.0,5.0,10.0,1.0,18.0,9.0,82.0,207.0,1.003081664098613,0.0,0.0,32.01632444841219,75258,0,0,0,49,UTAH
2582,492582,696.0,2261.688138856291,3.249551923644096,0.0,0.0,0.0,0.0,42.021425838541,0.0,0.0,0.0,0.0,0.0,0.0,0.0,0.0,0.0,0.0,0.0,42.021425838541,84901,0,0,0,49,UTAH
2583,492583,554.0,1818.5314465433096,3.2825477374427976,246.0,17.0,49.0,180.0,280.01734472643795,17.0,0.0,0.0,49.0,38.0,55.0,0.0,87.0,0.0,0.0,0.0,34.017344726437955,76570,779,0,0,49,UTAH
2584,492584,525.0,1592.5391891088016,3.0334079792548603,390.0,40.0,6.0,344.0,422.0163244484122,38.0,2.0,0.0,6.0,128.0,67.0,16.0,133.0,0.0,0.0,0.0,32.01632444841219,91388,585,0,0,49,UTAH
2585,492585,617.0,1971.252776762724,3.194899151965517,0.0,0.0,0.0,0.0,38.01938528248948,0.0,0.0,0.0,0.0,0.0,0.0,0.0,0.0,0.0,0.0,0.0,38.01938528248948,89030,0,0,0,49,UTAH
2586,492586,26.0,90.9265723271655,3.4971758587371347,0.0,0.0,0.0,0.0,16.04416357540635,0.0,0.0,0.0,0.0,0.0,0.0,0.0,0.0,14.043143297380588,0.0,0.0,2.001020278025762,94354,0,0,0,49,UTAH
2587,492587,335.0,1045.2141906346014,3.120042360103288,914.0,31.0,162.0,721.0,935.0132844443563,18.0,13.0,158.0,4.0,29.0,159.0,24.0,509.0,1.003081664098613,0.0,0.0,20.01020278025762,44331,0,0,0,49,UTAH
2588,492588,412.0,1162.6242306298734,2.8219034724026053,590.0,13.0,64.0,513.0,617.0189168035192,9.0,4.0,35.0,29.0,134.0,77.0,204.0,98.0,2.006163328197226,0.0,0.0,25.012753475322025,52738,0,0,0,49,UTAH
2589,492589,202.0,557.0356032858391,2.75760199646455,0.0,0.0,0.0,0.0,21.033856645042093,0.0,0.0,0.0,0.0,0.0,0.0,0.0,0.0,9.02773497688752,0.0,0.0,12.006121668154572,73210,0,0,0,49,UTAH
2590,492590,262.0,746.8337882406021,2.8505106421397026,18.0,6.0,2.0,10.0,43.03589720109362,6.0,0.0,0.0,2.0,4.0,0.0,0.0,6.0,9.02773497688752,0.0,0.0,16.008162224206096,67950,0,0,0,49,UTAH
2591,492591,290.0,918.976328083294,3.168883889942393,0.0,0.0,0.0,0.0,19.01226416633047,0.0,0.0,0.0,0.0,0.0,0.0,0.0,0.0,1.003081664098613,0.0,0.0,18.00918250223186,67950,0,0,0,49,UTAH
2592,492592,0.0,0.0,0.0,1134.0,811.0,0.0,323.0,1134.0,491.0,320.0,0.0,0.0,98.0,22.0,38.0,165.0,0.0,0.0,0.0,0.0,45328,0,0,0,49,UTAH
2593,492593,91.0,249.82737833580424,2.7453558058879586,567.0,96.0,1.0,470.0,641.0061759561626,82.0,14.0,1.0,0.0,70.0,20.0,80.0,300.0,0.0,0.0,68.00311512208529,6.003060834077286,45328,0,0,0,49,UTAH
2594,492594,45.0,115.64447548406486,2.569877232979219,411.0,142.0,3.0,266.0,414.0015304170386,81.0,61.0,0.0,3.0,135.0,4.0,33.0,94.0,0.0,0.0,0.0,3.001530417038643,45328,0,0,0,49,UTAH
2595,492595,264.0,775.0828204199156,2.935919774317862,187.0,70.0,0.0,117.0,203.0081622242061,31.0,39.0,0.0,0.0,10.0,5.0,58.0,44.0,0.0,0.0,0.0,16.008162224206096,45328,0,0,0,49,UTAH
2596,492596,334.0,1016.0823761996844,3.0421628029930665,126.0,34.0,0.0,92.0,250.01496708462338,31.0,3.0,0.0,0.0,11.0,1.0,7.0,73.0,0.0,0.0,104.00476430436575,20.01020278025762,36823,0,0,0,49,UTAH
2597,492597,196.0,573.8084661423065,2.927594215011768,305.0,103.0,0.0,202.0,317.00612166815455,28.0,75.0,0.0,0.0,64.0,3.0,10.0,125.0,0.0,0.0,0.0,12.006121668154572,36823,0,0,0,49,UTAH
2598,492598,270.0,688.5701593707678,2.550259849521362,679.0,162.0,4.0,513.0,695.0081622242061,55.0,107.0,1.0,3.0,152.0,45.0,50.0,266.0,0.0,0.0,0.0,16.008162224206096,45459,0,0,0,49,UTAH
2599,492599,262.0,692.9840706487856,2.6449773688884948,193.0,48.0,2.0,143.0,209.0081622242061,48.0,0.0,0.0,2.0,3.0,37.0,0.0,103.0,0.0,0.0,0.0,16.008162224206096,45459,410,0,0,49,UTAH
2600,492600,366.0,1100.8294727376249,3.0077307998295764,18.0,6.0,0.0,12.0,40.01122305828338,6.0,0.0,0.0,0.0,1.0,5.0,0.0,6.0,0.0,0.0,0.0,22.01122305828338,42880,0,1116,0,49,UTAH
2601,492601,192.0,479.35076479272686,2.496618566628786,116.0,43.0,0.0,73.0,128.00612166815458,19.0,24.0,0.0,0.0,23.0,5.0,0.0,45.0,0.0,0.0,0.0,12.006121668154572,37254,0,0,0,49,UTAH
2602,492602,212.0,534.9660468957504,2.5234247495082567,59.0,12.0,3.0,44.0,72.00663180716745,12.0,0.0,0.0,3.0,0.0,6.0,11.0,27.0,0.0,0.0,0.0,13.006631807167452,37254,0,0,0,49,UTAH
2603,492603,373.0,1169.686488674702,3.135888709583651,4.0,0.0,0.0,4.0,27.011733197296262,0.0,0.0,0.0,0.0,0.0,3.0,1.0,0.0,0.0,0.0,0.0,23.011733197296262,51906,0,0,0,49,UTAH
2604,492604,386.0,1148.4997145402167,2.975387861503152,452.0,16.0,8.0,428.0,526.0140695388602,16.0,0.0,0.0,8.0,9.0,125.0,0.0,294.0,0.0,0.0,51.002336341563975,23.011733197296262,44331,0,867,289,49,UTAH
2605,492605,281.0,900.4379007156194,3.20440534062498,0.0,0.0,0.0,0.0,17.008672363218977,0.0,0.0,0.0,0.0,0.0,0.0,0.0,0.0,0.0,0.0,0.0,17.008672363218977,88879,0,0,0,49,UTAH
2606,492606,405.0,1187.3421337867728,2.9317089723130194,0.0,0.0,0.0,0.0,25.012753475322025,0.0,0.0,0.0,0.0,0.0,0.0,0.0,0.0,0.0,0.0,0.0,25.012753475322025,86418,0,0,0,49,UTAH
2607,492607,188.0,551.7389097522179,2.9347814348522228,224.0,5.0,5.0,214.0,235.0056115291417,5.0,0.0,0.0,5.0,54.0,50.0,2.0,108.0,0.0,0.0,0.0,11.00561152914169,28218,644,0,0,49,UTAH
2608,492608,268.0,816.5735864332823,3.046916367288367,696.0,177.0,1.0,518.0,717.3414955575395,2.0,175.0,1.0,0.0,67.0,9.0,133.0,309.0,0.0,5.333333333333333,0.0,16.008162224206096,28218,0,0,0,49,UTAH
2609,492609,516.0,1494.5503587368075,2.896415423908542,220.0,15.0,16.0,189.0,252.0188959734979,15.0,0.0,0.0,16.0,61.0,23.0,1.0,104.0,1.003081664098613,0.0,0.0,31.01581430939931,52582,0,0,0,49,UTAH
2610,492610,87.0,236.585644501751,2.7193752241580573,783.0,72.0,60.0,651.0,788.0025506950644,72.0,0.0,3.0,57.0,70.0,199.0,1.0,381.0,0.0,0.0,0.0,5.002550695064405,52582,0,0,1275,49,UTAH
2611,492611,223.0,611.7681031332592,2.7433547225706687,504.0,94.0,14.0,396.0,518.0071419461804,77.0,17.0,0.0,14.0,95.0,23.0,28.0,250.0,0.0,0.0,0.0,14.007141946180331,52582,0,0,0,49,UTAH
2612,492612,455.0,1355.070762351447,2.9781774996735098,88.0,0.0,87.0,1.0,116.01428389236067,0.0,0.0,86.0,1.0,0.0,1.0,0.0,0.0,0.0,0.0,0.0,28.014283892360663,67351,0,0,0,49,UTAH
2613,492613,491.0,1525.4477376829318,3.106818203020228,243.0,46.0,22.0,175.0,273.01530417038646,46.0,0.0,0.0,22.0,20.0,74.0,4.0,77.0,0.0,0.0,0.0,30.01530417038643,67351,841,0,0,49,UTAH
2614,492614,416.0,1251.7852384458315,3.0090991308794037,224.0,17.0,3.0,204.0,249.01275347532203,17.0,0.0,1.0,2.0,17.0,8.0,142.0,37.0,0.0,0.0,0.0,25.012753475322025,48660,0,0,0,49,UTAH
2615,492615,202.0,557.0356032858391,2.75760199646455,808.0,44.0,2.0,762.0,820.0061216681546,8.0,36.0,0.0,2.0,38.0,576.0,51.0,97.0,0.0,0.0,0.0,12.006121668154572,49073,0,0,0,49,UTAH
2616,492616,448.0,1372.726407463518,3.0641214452310668,5.0,1.0,0.0,4.0,32.01377375334779,1.0,0.0,0.0,0.0,0.0,0.0,0.0,4.0,0.0,0.0,0.0,27.013773753347788,80406,0,0,0,49,UTAH
2617,492617,185.0,512.0137082500581,2.76764166621653,759.0,75.0,214.0,470.0,770.0056115291417,39.0,36.0,156.0,58.0,70.0,76.0,31.0,293.0,0.0,0.0,0.0,11.00561152914169,47915,0,0,252,49,UTAH
2618,492618,825.0,2383.512090129581,2.8891055637934318,0.0,0.0,0.0,0.0,50.02550695064405,0.0,0.0,0.0,0.0,0.0,0.0,0.0,0.0,0.0,0.0,0.0,50.02550695064405,80406,0,0,0,49,UTAH
2619,492619,434.0,1229.7156820557432,2.833446272017841,0.0,0.0,0.0,0.0,26.013263614334907,0.0,0.0,0.0,0.0,0.0,0.0,0.0,0.0,0.0,0.0,0.0,26.013263614334907,80406,0,0,0,49,UTAH
2620,492620,375.0,1188.2249160423762,3.168599776113003,650.0,18.0,68.0,564.0,673.0117331972963,18.0,0.0,13.0,55.0,3.0,296.0,1.0,264.0,0.0,0.0,0.0,23.011733197296262,80406,969,415,415,49,UTAH
2621,492621,266.0,839.5259250789746,3.156112500296897,101.0,16.0,4.0,81.0,118.0112438883047,16.0,0.0,0.0,4.0,8.0,1.0,18.0,54.0,1.003081664098613,0.0,0.0,16.008162224206096,80406,0,0,0,49,UTAH
2622,492622,177.0,486.4130228375552,2.748096174223476,547.0,120.0,22.0,405.0,561.0148565214375,118.0,2.0,22.0,0.0,100.0,45.0,2.0,258.0,3.00924499229584,0.0,0.0,11.00561152914169,80406,0,0,0,49,UTAH
2623,492623,681.0,1753.2055596286473,2.574457503125767,401.0,90.0,44.0,267.0,443.02399736362673,89.0,1.0,19.0,25.0,57.0,46.0,9.0,155.0,1.003081664098613,0.0,0.0,41.02091569952812,80406,0,0,0,49,UTAH
2624,492624,421.0,1270.3236658135063,3.017395880792177,89.0,48.0,2.0,39.0,116.01634527843352,48.0,0.0,0.0,2.0,0.0,1.0,0.0,38.0,1.003081664098613,0.0,0.0,26.013263614334907,80406,0,0,0,49,UTAH
2625,492625,292.0,906.6173765048444,3.1048540291261792,310.0,61.0,17.0,232.0,381.01161046503364,61.0,0.0,11.0,6.0,38.0,16.0,4.0,174.0,0.0,0.0,53.002427962801775,18.00918250223186,80406,0,0,0,49,UTAH
2626,492626,0.0,0.0,0.0,1883.0,613.0,48.0,1222.0,1892.0277349768876,609.0,4.0,23.0,25.0,819.0,96.0,4.0,303.0,9.02773497688752,0.0,0.0,0.0,51349,0,0,0,49,UTAH
2627,492627,105.0,275.4280637483071,2.623124416650544,0.0,0.0,0.0,0.0,18.040040803260645,0.0,0.0,0.0,0.0,0.0,0.0,0.0,0.0,12.03697996918336,0.0,0.0,6.003060834077286,51349,0,0,0,49,UTAH
2628,492628,397.0,1168.8037064190985,2.9440899406022627,637.0,264.0,64.0,309.0,665.0245699927035,263.0,1.0,5.0,59.0,79.0,48.0,3.0,179.0,4.012326656394453,0.0,0.0,24.012243336309144,51349,0,0,0,49,UTAH
2629,492629,16.0,36.194072479745486,2.262129529984093,0.0,0.0,0.0,0.0,50.15151167984494,0.0,0.0,0.0,0.0,0.0,0.0,0.0,0.0,49.151001540832056,0.0,0.0,1.000510139012881,50375,0,0,0,49,UTAH
2630,492630,16.0,37.95963699095259,2.372477311934537,0.0,0.0,0.0,0.0,24.07138841328099,0.0,0.0,0.0,0.0,0.0,0.0,0.0,0.0,23.070878274268107,0.0,0.0,1.000510139012881,51349,0,0,0,49,UTAH
2631,492631,35.0,88.27822556035485,2.5222350160101388,0.0,0.0,0.0,0.0,9.022591926716055,0.0,0.0,0.0,0.0,0.0,0.0,0.0,0.0,7.021571648690293,0.0,0.0,2.001020278025762,51349,0,0,0,49,UTAH
2632,492632,1143.0,3158.5949105494965,2.7634251185909857,0.0,0.0,0.0,0.0,73.0449547231975,0.0,0.0,0.0,0.0,0.0,0.0,0.0,0.0,3.00924499229584,0.0,0.0,70.03570973090167,51349,0,0,0,49,UTAH
2633,492633,322.0,891.610078159584,2.7689753980111305,763.0,234.0,128.0,401.0,784.0132844443563,162.0,72.0,20.0,108.0,58.0,21.0,5.0,317.0,1.003081664098613,0.0,0.0,20.01020278025762,51349,0,0,0,49,UTAH
2634,492634,2.0,4.413911278017743,2.206955639008872,28.0,0.0,17.0,11.0,42.04314329738059,0.0,0.0,0.0,17.0,0.0,2.0,0.0,9.0,14.043143297380588,0.0,0.0,0.0,51349,0,0,0,49,UTAH
2635,492635,392.0,1016.0823761996844,2.592046878060419,1822.0,42.0,352.0,1428.0,1850.0245699927036,39.0,3.0,271.0,81.0,12.0,1026.0,0.0,390.0,4.012326656394453,0.0,0.0,24.012243336309144,51349,0,0,0,49,UTAH
2636,492636,283.0,764.489433352673,2.701376089585417,1524.0,345.0,535.0,644.0,2566.0616999545523,224.0,121.0,297.0,238.0,243.0,128.0,1.0,272.0,2.006163328197226,0.0,1023.0468642631362,17.008672363218977,51349,0,0,0,49,UTAH
2637,492637,0.0,0.0,0.0,623.0,137.0,212.0,274.0,630.0215716486903,137.0,0.0,155.0,57.0,129.0,54.0,0.0,91.0,7.021571648690293,0.0,0.0,0.0,51349,0,0,0,49,UTAH
2638,492638,0.0,0.0,0.0,527.0,5.0,228.0,294.0,527.0,5.0,0.0,123.0,105.0,46.0,240.0,0.0,8.0,0.0,0.0,0.0,0.0,51349,0,0,0,49,UTAH
2639,492639,2.0,4.413911278017743,2.206955639008872,262.0,3.0,149.0,110.0,274.03697996918334,3.0,0.0,28.0,121.0,61.0,40.0,0.0,9.0,12.03697996918336,0.0,0.0,0.0,51349,0,0,0,49,UTAH
2640,492640,0.0,0.0,0.0,950.0,162.0,578.0,210.0,1634.0313344633287,162.0,0.0,466.0,112.0,36.0,79.0,0.0,95.0,0.0,0.0,684.0313344633286,0.0,51349,0,0,0,49,UTAH
2641,492641,1.0,2.6483467668106453,2.6483467668106453,222.0,1.0,209.0,12.0,231.02773497688753,1.0,0.0,192.0,17.0,1.0,9.0,0.0,2.0,9.02773497688752,0.0,0.0,0.0,51349,0,0,0,49,UTAH
2642,492642,31.0,70.62258044828388,2.278147756396254,15.0,1.0,6.0,8.0,26.028755254913285,1.0,0.0,0.0,6.0,0.0,0.0,0.0,8.0,9.02773497688752,0.0,0.0,2.001020278025762,51349,0,0,0,49,UTAH
2643,492643,1.0,6.179475789224839,6.179475789224839,837.0,239.0,487.0,111.0,839.0061633281972,237.0,2.0,429.0,58.0,13.0,12.0,6.0,80.0,2.006163328197226,0.0,0.0,0.0,51349,0,0,0,49,UTAH
2644,492644,0.0,0.0,0.0,815.0,45.0,596.0,174.0,899.0068839454675,44.0,1.0,575.0,21.0,90.0,26.0,36.0,22.0,1.003081664098613,0.0,83.00380228136882,0.0,51349,0,0,0,49,UTAH
2645,492645,4.0,7.062258044828388,1.765564511207097,0.0,0.0,0.0,0.0,17.052388289676426,0.0,0.0,0.0,0.0,0.0,0.0,0.0,0.0,17.052388289676426,0.0,0.0,0.0,51349,0,0,0,49,UTAH
2646,492646,10.0,18.53842736767452,1.853842736767452,0.0,0.0,0.0,0.0,14.040571772294854,0.0,0.0,0.0,0.0,0.0,0.0,0.0,0.0,13.040061633281972,0.0,0.0,1.000510139012881,51349,0,0,0,49,UTAH
2647,492647,13.0,24.71790315689936,1.9013771659153351,0.0,0.0,0.0,0.0,8.022081787703174,0.0,0.0,0.0,0.0,0.0,0.0,0.0,0.0,7.021571648690293,0.0,0.0,1.000510139012881,51349,0,0,0,49,UTAH
2648,492648,1.0,2.6483467668106453,2.6483467668106453,0.0,0.0,0.0,0.0,20.061633281972263,0.0,0.0,0.0,0.0,0.0,0.0,0.0,0.0,20.061633281972263,0.0,0.0,0.0,51349,0,0,0,49,UTAH
2649,492649,17.0,30.8973789461242,1.8174928791837763,0.0,0.0,0.0,0.0,14.040571772294854,0.0,0.0,0.0,0.0,0.0,0.0,0.0,0.0,13.040061633281972,0.0,0.0,1.000510139012881,51349,0,0,0,49,UTAH
2650,492650,9.0,16.772862856467423,1.8636514284963803,0.0,0.0,0.0,0.0,9.025163451801788,0.0,0.0,0.0,0.0,0.0,0.0,0.0,0.0,8.024653312788907,0.0,0.0,1.000510139012881,51349,0,0,0,49,UTAH
2651,492651,16.0,36.194072479745486,2.262129529984093,0.0,0.0,0.0,0.0,12.034408444097629,0.0,0.0,0.0,0.0,0.0,0.0,0.0,0.0,11.033898305084747,0.0,0.0,1.000510139012881,51349,0,0,0,49,UTAH
2652,492652,9.0,16.772862856467423,1.8636514284963803,0.0,0.0,0.0,0.0,12.034408444097629,0.0,0.0,0.0,0.0,0.0,0.0,0.0,0.0,11.033898305084747,0.0,0.0,1.000510139012881,51349,0,0,0,49,UTAH
2653,492653,18.0,42.373548268970325,2.354086014942796,0.0,0.0,0.0,0.0,10.028245115900402,0.0,0.0,0.0,0.0,0.0,0.0,0.0,0.0,9.02773497688752,0.0,0.0,1.000510139012881,51349,0,0,0,49,UTAH
2654,492654,15.0,33.545725712934846,2.236381714195657,0.0,0.0,0.0,0.0,14.040571772294854,0.0,0.0,0.0,0.0,0.0,0.0,0.0,0.0,13.040061633281972,0.0,0.0,1.000510139012881,51349,0,0,0,49,UTAH
2655,492655,7.0,13.241733834053228,1.891676262007604,0.0,0.0,0.0,0.0,11.033898305084747,0.0,0.0,0.0,0.0,0.0,0.0,0.0,0.0,11.033898305084747,0.0,0.0,0.0,51349,0,0,0,49,UTAH
2656,492656,12.0,22.069556390088717,1.83912969917406,0.0,0.0,0.0,0.0,19.055980092787923,0.0,0.0,0.0,0.0,0.0,0.0,0.0,0.0,18.05546995377504,0.0,0.0,1.000510139012881,51349,0,0,0,49,UTAH
2657,492657,3.0,4.413911278017743,1.4713037593392475,0.0,0.0,0.0,0.0,12.03697996918336,0.0,0.0,0.0,0.0,0.0,0.0,0.0,0.0,12.03697996918336,0.0,0.0,0.0,51349,0,0,0,49,UTAH
2658,492658,19.0,50.318588569402266,2.6483467668106457,0.0,0.0,0.0,0.0,8.022081787703174,0.0,0.0,0.0,0.0,0.0,0.0,0.0,0.0,7.021571648690293,0.0,0.0,1.000510139012881,51349,0,0,0,49,UTAH
2659,492659,212.0,534.0832646401468,2.519260682264844,0.0,0.0,0.0,0.0,19.025121791759133,0.0,0.0,0.0,0.0,0.0,0.0,0.0,0.0,6.01848998459168,0.0,0.0,13.006631807167452,51349,0,0,0,49,UTAH
2660,492660,119.0,342.51951517417683,2.878315253564512,0.0,0.0,0.0,0.0,11.01589762948462,0.0,0.0,0.0,0.0,0.0,0.0,0.0,0.0,4.012326656394453,0.0,0.0,7.003570973090167,51349,0,0,0,49,UTAH
2661,492661,975.0,2500.922130124853,2.565048338589593,43.0,16.0,6.0,21.0,102.03009820175998,14.0,2.0,6.0,0.0,5.0,0.0,0.0,16.0,0.0,0.0,0.0,59.03009820175998,51349,0,0,0,49,UTAH
2662,492662,283.0,670.0317320030933,2.3676032932971496,0.0,0.0,0.0,0.0,17.008672363218977,0.0,0.0,0.0,0.0,0.0,0.0,0.0,0.0,0.0,0.0,0.0,17.008672363218977,51349,0,0,0,49,UTAH
2663,492663,411.0,1129.0785049169383,2.7471496469998504,3.0,2.0,1.0,0.0,28.012753475322025,2.0,0.0,0.0,1.0,0.0,0.0,0.0,0.0,0.0,0.0,0.0,25.012753475322025,51349,0,0,0,49,UTAH
2664,492664,16.0,42.373548268970325,2.6483467668106453,0.0,0.0,0.0,0.0,47.142266687549096,0.0,0.0,0.0,0.0,0.0,0.0,0.0,0.0,46.141756548536215,0.0,0.0,1.000510139012881,51914,0,0,0,49,UTAH
2665,492665,14.0,35.31129022414194,2.5222350160101388,0.0,0.0,0.0,0.0,35.10528671836573,0.0,0.0,0.0,0.0,0.0,0.0,0.0,0.0,34.10477657935285,0.0,0.0,1.000510139012881,49221,0,0,0,49,UTAH
2666,492666,37.0,90.04379007156194,2.4336159478800523,0.0,0.0,0.0,0.0,38.111960185575846,0.0,0.0,0.0,0.0,0.0,0.0,0.0,0.0,36.11093990755008,0.0,0.0,2.001020278025762,49221,0,0,0,49,UTAH
2667,492667,43.0,99.754394883201,2.3198696484465344,0.0,0.0,0.0,0.0,38.10938866049011,0.0,0.0,0.0,0.0,0.0,0.0,0.0,0.0,35.10785824345147,0.0,0.0,3.001530417038643,51349,0,0,0,49,UTAH
2668,492668,14.0,25.600685412502905,1.8286203866073505,0.0,0.0,0.0,0.0,42.12685836705603,0.0,0.0,0.0,0.0,0.0,0.0,0.0,0.0,41.12634822804315,0.0,0.0,1.000510139012881,49221,0,0,0,49,UTAH
2669,492669,36.0,78.56762074871581,2.18243390968655,0.0,0.0,0.0,0.0,28.081143544589708,0.0,0.0,0.0,0.0,0.0,0.0,0.0,0.0,26.080123266563945,0.0,0.0,2.001020278025762,49221,0,0,0,49,UTAH
2670,492670,42.0,89.1610078159584,2.1228811384752,0.0,0.0,0.0,0.0,27.075490355405364,0.0,0.0,0.0,0.0,0.0,0.0,0.0,0.0,24.07395993836672,0.0,0.0,3.001530417038643,49221,0,0,0,49,UTAH
2671,492671,75.0,193.32931397717712,2.577724186362361,182.0,14.0,11.0,157.0,220.10424561031866,14.0,0.0,0.0,11.0,9.0,34.0,48.0,66.0,33.10169491525424,0.0,0.0,5.002550695064405,51349,0,0,5,49,UTAH
2672,492672,10.0,22.069556390088717,2.206955639008872,0.0,0.0,0.0,0.0,62.18849164902829,0.0,0.0,0.0,0.0,0.0,0.0,0.0,0.0,61.18798151001541,0.0,0.0,1.000510139012881,49221,0,0,0,49,UTAH
2673,492673,24.0,48.55302405819517,2.0230426690914656,0.0,0.0,0.0,0.0,34.102205054267124,0.0,0.0,0.0,0.0,0.0,0.0,0.0,0.0,33.10169491525424,0.0,0.0,1.000510139012881,49221,0,0,0,49,UTAH
2674,492674,66.0,158.01802375303518,2.3942124811065937,57.0,5.0,4.0,48.0,87.08216382261547,5.0,0.0,2.0,2.0,2.0,40.0,2.0,4.0,26.080123266563945,0.0,0.0,4.002040556051524,49221,0,0,0,49,UTAH
2675,492675,37.0,103.28552390561518,2.7915006460977074,0.0,0.0,0.0,0.0,28.081143544589708,0.0,0.0,0.0,0.0,0.0,0.0,0.0,0.0,26.080123266563945,0.0,0.0,2.001020278025762,65957,0,0,0,49,UTAH
2676,492676,7.0,10.59338706724258,1.513341009606083,0.0,0.0,0.0,0.0,22.06779661016949,0.0,0.0,0.0,0.0,0.0,0.0,0.0,0.0,22.06779661016949,0.0,0.0,0.0,65957,0,0,0,49,UTAH
2677,492677,26.0,78.56762074871581,3.0218315672583005,0.0,0.0,0.0,0.0,24.068816888195254,0.0,0.0,0.0,0.0,0.0,0.0,0.0,0.0,22.06779661016949,0.0,0.0,2.001020278025762,65957,0,0,0,49,UTAH
2678,492678,62.0,205.6882655556268,3.317552670252045,8.0,3.0,3.0,2.0,31.060592173925173,3.0,0.0,0.0,3.0,0.0,1.0,0.0,1.0,19.05855161787365,0.0,0.0,4.002040556051524,65957,0,0,0,49,UTAH
2679,492679,54.0,116.5272577396684,2.15791218036423,0.0,0.0,0.0,0.0,32.09089867589843,0.0,0.0,0.0,0.0,0.0,0.0,0.0,0.0,29.089368258859785,0.0,0.0,3.001530417038643,51349,0,0,0,49,UTAH
2680,492680,20.0,46.78745954698807,2.339372977349403,0.0,0.0,0.0,0.0,9.025163451801788,0.0,0.0,0.0,0.0,0.0,0.0,0.0,0.0,8.024653312788907,0.0,0.0,1.000510139012881,51349,0,0,0,49,UTAH
2681,492681,8.0,16.772862856467423,2.096607857058428,0.0,0.0,0.0,0.0,7.021571648690293,0.0,0.0,0.0,0.0,0.0,0.0,0.0,0.0,7.021571648690293,0.0,0.0,0.0,51349,0,0,0,49,UTAH
2682,492682,28.0,86.51266104914775,3.08973789461242,0.0,0.0,0.0,0.0,8.019510262617441,0.0,0.0,0.0,0.0,0.0,0.0,0.0,0.0,6.01848998459168,0.0,0.0,2.001020278025762,51349,0,0,0,49,UTAH
2683,492683,46.0,142.1279431521713,3.08973789461242,22.0,2.0,2.0,18.0,45.06316369901091,1.0,1.0,0.0,2.0,4.0,0.0,1.0,13.0,20.061633281972263,0.0,0.0,3.001530417038643,65957,0,0,0,49,UTAH
2684,492684,171.0,425.5010472009104,2.488310217549184,471.0,3.0,26.0,442.0,488.02667303881907,2.0,1.0,14.0,12.0,199.0,28.0,4.0,211.0,7.021571648690293,0.0,0.0,10.00510139012881,65957,0,0,0,49,UTAH
2685,492685,514.0,1366.546931674293,2.658651618043372,0.0,0.0,0.0,0.0,36.031222629892376,0.0,0.0,0.0,0.0,0.0,0.0,0.0,0.0,5.015408320493067,0.0,0.0,31.01581430939931,65957,0,0,0,49,UTAH
2686,492686,428.0,1145.851367773406,2.677222821900481,202.0,52.0,6.0,144.0,230.01942694253214,51.0,1.0,4.0,2.0,22.0,16.0,0.0,106.0,2.006163328197226,0.0,0.0,26.013263614334907,65957,0,0,0,49,UTAH
2687,492687,28.0,74.15370947069808,2.6483467668106457,0.0,0.0,0.0,0.0,7.016428598518829,0.0,0.0,0.0,0.0,0.0,0.0,0.0,0.0,5.015408320493067,0.0,0.0,2.001020278025762,65957,0,0,0,49,UTAH
2688,492688,548.0,1469.8324555799084,2.682176013831949,711.0,133.0,63.0,515.0,749.0322429079181,133.0,0.0,63.0,0.0,309.0,85.0,1.0,120.0,5.015408320493067,0.0,0.0,33.01683458742507,65957,0,0,0,49,UTAH
2689,492689,32.0,83.8643142823371,2.6207598213230345,950.0,260.0,63.0,627.0,956.0133469344202,259.0,1.0,59.0,4.0,360.0,67.0,0.0,200.0,4.012326656394453,0.0,0.0,2.001020278025762,65957,0,0,0,49,UTAH
2690,492690,1351.0,3479.0448693335848,2.5751627456207142,10.0,2.0,1.0,7.0,95.05107639135207,2.0,0.0,1.0,0.0,4.0,0.0,0.0,3.0,3.00924499229584,0.0,0.0,82.04183139905624,65957,0,0,0,49,UTAH
2691,492691,231.0,610.002538622052,2.6407036303984937,595.0,11.0,10.0,574.0,612.0163869384762,9.0,2.0,8.0,2.0,304.0,62.0,109.0,99.0,3.00924499229584,0.0,0.0,14.007141946180331,65957,0,0,0,49,UTAH
2692,492692,57.0,186.26705593234877,3.267843086532434,0.0,0.0,0.0,0.0,33.093980339997046,0.0,0.0,0.0,0.0,0.0,0.0,0.0,0.0,30.0924499229584,0.0,0.0,3.001530417038643,65706,0,0,0,49,UTAH
2693,492693,21.0,55.61528210302355,2.6483467668106453,0.0,0.0,0.0,0.0,28.083715069675442,0.0,0.0,0.0,0.0,0.0,0.0,0.0,0.0,27.08320493066256,0.0,0.0,1.000510139012881,65957,0,0,0,49,UTAH
2694,492694,21.0,47.67024180259162,2.270011514409125,0.0,0.0,0.0,0.0,21.062143420985144,0.0,0.0,0.0,0.0,0.0,0.0,0.0,0.0,20.061633281972263,0.0,0.0,1.000510139012881,65957,0,0,0,49,UTAH
2695,492695,155.0,507.5997969720404,3.2748373998196154,147.0,55.0,11.0,81.0,167.03848955620066,54.0,1.0,3.0,8.0,2.0,6.0,0.0,73.0,11.033898305084747,0.0,0.0,9.00459125111593,65957,0,0,0,49,UTAH
2696,492696,471.0,1337.415117239376,2.839522541909503,0.0,0.0,0.0,0.0,50.079508977444426,0.0,0.0,0.0,0.0,0.0,0.0,0.0,0.0,21.06471494607088,0.0,0.0,29.014794031373548,65957,0,0,0,49,UTAH
2697,492697,1366.0,4012.245351718128,2.9372220730000937,173.0,76.0,3.0,94.0,261.0577498585622,76.0,0.0,0.0,3.0,2.0,8.0,0.0,84.0,5.015408320493067,0.0,0.0,83.04234153806912,65957,0,0,0,49,UTAH
2698,492698,26.0,63.56032240345549,2.444627784748288,0.0,0.0,0.0,0.0,30.087306872786936,0.0,0.0,0.0,0.0,0.0,0.0,0.0,0.0,28.086286594761173,0.0,0.0,2.001020278025762,65957,0,0,0,49,UTAH
2699,492699,30.0,85.62987879354421,2.8543292931181403,0.0,0.0,0.0,0.0,12.031836919011894,0.0,0.0,0.0,0.0,0.0,0.0,0.0,0.0,10.030816640986131,0.0,0.0,2.001020278025762,65957,0,0,0,49,UTAH
2700,492700,789.0,2337.6074128381965,2.9627470378177394,0.0,0.0,0.0,0.0,49.027568336716904,0.0,0.0,0.0,0.0,0.0,0.0,0.0,0.0,1.003081664098613,0.0,0.0,48.02448667261829,65957,0,0,0,49,UTAH
2701,492701,92.0,243.6479025465794,2.6483467668106457,1159.0,291.0,59.0,809.0,1175.0338774750635,291.0,0.0,18.0,41.0,150.0,114.0,222.0,323.0,10.030816640986131,0.0,0.0,6.003060834077286,65957,0,0,0,49,UTAH
2702,492702,57.0,190.68096721036648,3.345280126497657,0.0,0.0,0.0,0.0,19.050837042616457,0.0,0.0,0.0,0.0,0.0,0.0,0.0,0.0,16.049306625577813,0.0,0.0,3.001530417038643,44575,0,0,0,49,UTAH
2703,492703,15.0,35.31129022414194,2.354086014942796,0.0,0.0,0.0,0.0,22.06522508508376,0.0,0.0,0.0,0.0,0.0,0.0,0.0,0.0,21.06471494607088,0.0,0.0,1.000510139012881,44575,0,0,0,49,UTAH
2704,492704,528.0,1535.158342494571,2.907496860785172,0.0,0.0,0.0,0.0,37.03173276890526,0.0,0.0,0.0,0.0,0.0,0.0,0.0,0.0,5.015408320493067,0.0,0.0,32.01632444841219,44575,0,0,0,49,UTAH
2705,492705,479.0,1430.9900363333522,2.9874531029923848,0.0,0.0,0.0,0.0,29.014794031373548,0.0,0.0,0.0,0.0,0.0,0.0,0.0,0.0,0.0,0.0,0.0,29.014794031373548,44575,0,0,0,49,UTAH
2706,492706,363.0,1114.0712065716782,3.0690666847704637,383.0,173.0,42.0,168.0,413.03587637107233,173.0,0.0,1.0,41.0,55.0,13.0,0.0,100.0,8.024653312788907,0.0,0.0,22.01122305828338,44575,0,0,0,49,UTAH
2707,492707,177.0,501.42032118281554,2.832883170524381,422.0,70.0,89.0,263.0,440.02718317783194,70.0,0.0,1.0,88.0,15.0,31.0,0.0,217.0,7.021571648690293,0.0,0.0,11.00561152914169,44575,0,0,0,49,UTAH
2708,492708,35.0,105.05108841682228,3.001459669052065,222.0,65.0,75.0,82.0,938.0458724738402,65.0,0.0,67.0,8.0,40.0,16.0,0.0,26.0,4.012326656394453,0.0,710.03252553942,2.001020278025762,44575,0,0,0,49,UTAH
2709,492709,38.0,117.41003999527194,3.08973789461242,82.0,38.0,3.0,41.0,100.05032690360358,38.0,0.0,1.0,2.0,2.0,10.0,2.0,27.0,16.049306625577813,0.0,0.0,2.001020278025762,45243,0,0,0,49,UTAH
2710,492710,241.0,680.6251190703359,2.824170618549112,0.0,0.0,0.0,0.0,20.02306040568628,0.0,0.0,0.0,0.0,0.0,0.0,0.0,0.0,5.015408320493067,0.0,0.0,15.007652085193214,44575,0,0,0,49,UTAH
2711,492711,66.0,188.03262044355583,2.8489790976296336,90.0,37.0,3.0,50.0,101.02361220474182,37.0,0.0,0.0,3.0,16.0,8.0,0.0,26.0,7.021571648690293,0.0,0.0,4.002040556051524,44575,0,0,0,49,UTAH
2712,492712,223.0,560.5667323082533,2.5137521628172794,337.0,10.0,165.0,162.0,356.0225502666734,9.0,1.0,75.0,90.0,91.0,24.0,4.0,43.0,5.015408320493067,0.0,0.0,14.007141946180331,44575,0,0,0,49,UTAH
2713,492713,0.0,0.0,0.0,578.0,0.0,577.0,1.0,580.0061633281972,0.0,0.0,576.0,1.0,1.0,0.0,0.0,0.0,2.006163328197226,0.0,0.0,0.0,44575,0,0,0,49,UTAH
2714,492714,0.0,0.0,0.0,1053.0,62.0,735.0,256.0,1054.0030816640985,30.0,32.0,51.0,684.0,201.0,41.0,2.0,12.0,1.003081664098613,0.0,0.0,0.0,44575,0,0,0,49,UTAH
2715,492715,109.0,280.7247572819284,2.5754564888250315,0.0,0.0,0.0,0.0,10.012815965386007,0.0,0.0,0.0,0.0,0.0,0.0,0.0,0.0,3.00924499229584,0.0,0.0,7.003570973090167,44575,0,0,0,49,UTAH
2716,492716,696.0,1925.3480994713395,2.7663047406197405,637.0,169.0,139.0,329.0,681.0275891667382,160.0,9.0,119.0,20.0,65.0,41.0,12.0,211.0,2.006163328197226,0.0,0.0,42.021425838541,44575,0,0,0,49,UTAH
2717,492717,298.0,849.2365298906136,2.8497870130557503,0.0,0.0,0.0,0.0,28.03999914321799,0.0,0.0,0.0,0.0,0.0,0.0,0.0,0.0,10.030816640986131,0.0,0.0,18.00918250223186,44575,0,0,0,49,UTAH
2718,492718,400.0,1123.7818113833173,2.809454528458293,318.0,253.0,4.0,61.0,401.017982016304,253.0,0.0,4.0,0.0,10.0,8.0,0.0,43.0,1.003081664098613,0.0,58.00265701589628,24.012243336309144,44575,0,0,0,49,UTAH
2719,492719,356.0,992.2472552983884,2.787211391287608,0.0,0.0,0.0,0.0,23.014304722381993,0.0,0.0,0.0,0.0,0.0,0.0,0.0,0.0,1.003081664098613,0.0,0.0,22.01122305828338,44575,0,0,0,49,UTAH
2720,492720,21.0,53.84971759181646,2.564272266276974,852.0,89.0,86.0,677.0,869.0498167645908,89.0,0.0,0.0,86.0,5.0,239.0,0.0,433.0,16.049306625577813,0.0,0.0,1.000510139012881,45912,0,0,0,49,UTAH
2721,492721,38.0,105.05108841682228,2.7645023267584805,113.0,9.0,64.0,40.0,123.02567359081466,9.0,0.0,1.0,63.0,0.0,17.0,0.0,23.0,8.024653312788907,0.0,0.0,2.001020278025762,44575,0,0,0,49,UTAH
2722,492722,320.0,785.6762074871582,2.455238148397369,315.0,155.0,8.0,152.0,340.0281826258364,155.0,0.0,3.0,5.0,16.0,22.0,0.0,114.0,6.01848998459168,0.0,0.0,19.00969264124474,44575,0,0,0,49,UTAH
2723,492723,559.0,1589.890842341991,2.8441696642969427,859.0,206.0,57.0,596.0,1821.0659286877376,202.0,4.0,31.0,26.0,330.0,48.0,18.0,200.0,2.006163328197226,0.0,926.0424206331027,34.017344726437955,80406,0,0,0,49,UTAH
2724,492724,538.0,1579.2974552747482,2.935497128763473,1210.0,160.0,225.0,825.0,1245.0229979156225,153.0,7.0,28.0,197.0,481.0,110.0,22.0,212.0,2.006163328197226,0.0,0.0,33.01683458742507,80406,0,0,0,49,UTAH
2725,492725,46.0,136.83124961855003,2.974592383011957,407.0,9.0,311.0,87.0,410.0015304170386,9.0,0.0,0.0,311.0,2.0,67.0,0.0,18.0,0.0,0.0,0.0,3.001530417038643,80406,0,0,0,49,UTAH
2726,492726,102.0,341.6367329185733,3.3493797344958165,27.0,3.0,15.0,9.0,37.01538749047174,1.0,2.0,14.0,1.0,0.0,1.0,0.0,8.0,4.012326656394453,0.0,0.0,6.003060834077286,80406,0,0,0,49,UTAH
2727,492727,1356.0,3969.8718034491576,2.9276340733400867,852.0,16.0,55.0,781.0,966.0589409346536,14.0,2.0,31.0,24.0,485.0,73.0,8.0,215.0,5.015408320493067,0.0,26.001191076091438,83.04234153806912,80406,0,0,0,49,UTAH
2728,492728,457.0,1314.4627785936837,2.8762861676010583,0.0,0.0,0.0,0.0,31.023528884656503,0.0,0.0,0.0,0.0,0.0,0.0,0.0,0.0,3.00924499229584,0.0,0.0,28.014283892360663,80406,0,0,0,49,UTAH
2729,492729,321.0,900.4379007156194,2.805102494441182,0.0,0.0,0.0,0.0,26.028692764849303,0.0,0.0,0.0,0.0,0.0,0.0,0.0,0.0,6.01848998459168,0.0,0.0,20.01020278025762,80406,0,0,0,49,UTAH
2730,492730,323.0,914.5624168052764,2.831462590728409,1.0,0.0,0.0,1.0,22.013284444356234,0.0,0.0,0.0,0.0,0.0,0.0,0.0,1.0,1.003081664098613,0.0,0.0,20.01020278025762,80406,0,0,0,49,UTAH
2731,492731,374.0,1088.4705211591754,2.9103489870566186,0.0,0.0,0.0,0.0,24.014814861394875,0.0,0.0,0.0,0.0,0.0,0.0,0.0,0.0,1.003081664098613,0.0,0.0,23.011733197296262,80406,0,0,0,49,UTAH
2732,492732,294.0,933.9836264285544,3.176815055879437,1712.0,821.0,27.0,864.0,1731.0122641663304,802.0,19.0,21.0,6.0,37.0,322.0,86.0,419.0,1.003081664098613,0.0,0.0,18.00918250223186,80406,0,1069,0,49,UTAH
2733,492733,790.0,2175.175477807144,2.753386680768536,0.0,0.0,0.0,0.0,49.027568336716904,0.0,0.0,0.0,0.0,0.0,0.0,0.0,0.0,1.003081664098613,0.0,0.0,48.02448667261829,80406,0,0,0,49,UTAH
2734,492734,191.0,591.4641112543775,3.0966707395517146,35.0,1.0,4.0,30.0,47.00612166815457,1.0,0.0,0.0,4.0,0.0,1.0,1.0,28.0,0.0,0.0,0.0,12.006121668154572,80406,0,0,0,49,UTAH
2735,492735,134.0,406.9626198332359,3.037034476367432,887.0,90.0,70.0,727.0,895.004081112103,88.0,2.0,22.0,48.0,64.0,275.0,41.0,347.0,0.0,0.0,0.0,8.004081112103048,56831,0,0,1239,49,UTAH
2736,492736,612.0,1789.3996321083928,2.92385560802025,115.0,70.0,16.0,29.0,153.0219568075752,70.0,0.0,0.0,16.0,2.0,6.0,1.0,20.0,1.003081664098613,0.0,0.0,37.0188751434766,54954,0,0,0,49,UTAH
2737,492737,181.0,537.614393662561,2.9702452688539283,93.0,2.0,1.0,90.0,104.00561152914169,1.0,1.0,0.0,1.0,0.0,13.0,7.0,70.0,0.0,0.0,0.0,11.00561152914169,64845,0,0,0,49,UTAH
2738,492738,228.0,722.1158850837027,3.1671749345776434,0.0,0.0,0.0,0.0,14.007141946180331,0.0,0.0,0.0,0.0,0.0,0.0,0.0,0.0,0.0,0.0,0.0,14.007141946180331,67950,0,0,0,49,UTAH
2739,492739,511.0,1515.7371328712927,2.9662174811571287,186.0,61.0,10.0,115.0,218.0188959734979,32.0,29.0,2.0,8.0,4.0,8.0,17.0,86.0,1.003081664098613,0.0,0.0,31.01581430939931,67950,0,0,0,49,UTAH
2740,492740,435.0,1257.081931979453,2.889843521791846,772.0,180.0,66.0,526.0,1000.0285890663124,178.0,2.0,29.0,37.0,175.0,28.0,36.0,287.0,2.006163328197226,0.0,200.00916212378027,26.013263614334907,68094,0,0,0,49,UTAH
2741,492741,353.0,1095.5327792040036,3.1034922923626165,1912.0,133.0,60.0,1719.0,1936.0199579115663,125.0,8.0,43.0,17.0,780.0,133.0,550.0,256.0,3.00924499229584,0.0,0.0,21.0107129192705,67950,0,0,0,49,UTAH
2742,492742,589.0,1656.9822937678605,2.8132127228656376,947.0,48.0,49.0,850.0,1012.0379086332902,31.0,17.0,38.0,11.0,224.0,39.0,18.0,569.0,6.01848998459168,0.0,23.001053644234734,36.01836500446372,67950,0,0,0,49,UTAH
2743,492743,134.0,433.44608750134233,3.2346722947861366,178.0,67.0,5.0,106.0,186.00408111210305,43.0,24.0,1.0,4.0,57.0,9.0,6.0,34.0,0.0,0.0,0.0,8.004081112103048,54578,0,0,0,49,UTAH
2744,492744,388.0,1242.0746336341929,3.2012232825623523,0.0,0.0,0.0,0.0,24.012243336309144,0.0,0.0,0.0,0.0,0.0,0.0,0.0,0.0,0.0,0.0,0.0,24.012243336309144,54578,0,0,0,49,UTAH
2745,492745,285.0,814.8080219220752,2.858975515516053,803.0,539.0,2.0,262.0,821.0117540273177,538.0,1.0,2.0,0.0,24.0,24.0,6.0,208.0,1.003081664098613,0.0,0.0,17.008672363218977,70487,0,0,0,49,UTAH
2746,492746,419.0,1199.7010853652223,2.863248413759481,377.0,188.0,15.0,174.0,403.01583513942063,188.0,0.0,13.0,2.0,26.0,15.0,5.0,128.0,1.003081664098613,0.0,0.0,25.012753475322025,67950,0,0,0,49,UTAH
2747,492747,386.0,1149.38249679582,2.977674862165337,290.0,31.0,24.0,235.0,314.0148148613949,30.0,1.0,0.0,24.0,7.0,40.0,0.0,188.0,1.003081664098613,0.0,0.0,23.011733197296262,70487,0,0,0,49,UTAH
2748,492748,390.0,1226.184553033329,3.1440629564957154,243.0,18.0,20.0,205.0,267.01224333630915,17.0,1.0,1.0,19.0,15.0,82.0,4.0,104.0,0.0,0.0,0.0,24.012243336309144,70487,780,0,0,49,UTAH
2749,492749,229.0,735.3576189177559,3.211168641562253,0.0,0.0,0.0,0.0,14.007141946180331,0.0,0.0,0.0,0.0,0.0,0.0,0.0,0.0,0.0,0.0,0.0,14.007141946180331,54578,0,0,0,49,UTAH
2750,492750,117.0,385.7758456987507,3.2972294504166726,499.0,224.0,1.0,274.0,506.0035709730902,224.0,0.0,0.0,1.0,1.0,191.0,33.0,49.0,0.0,0.0,0.0,7.003570973090167,56831,495,0,0,49,UTAH
2751,492751,241.0,779.4967316979333,3.2344262726055324,26.0,0.0,0.0,26.0,41.007652085193214,0.0,0.0,0.0,0.0,21.0,0.0,1.0,4.0,0.0,0.0,0.0,15.007652085193214,56831,0,0,0,49,UTAH
2752,492752,582.0,1829.1248336105523,3.142826174588578,28.0,1.0,1.0,26.0,63.01785486545084,1.0,0.0,0.0,1.0,1.0,1.0,6.0,18.0,0.0,0.0,0.0,35.01785486545084,68142,0,0,0,49,UTAH
2753,492753,343.0,1064.6354002578796,3.103893295212477,0.0,0.0,0.0,0.0,22.013794583369112,0.0,0.0,0.0,0.0,0.0,0.0,0.0,0.0,1.003081664098613,0.0,0.0,21.0107129192705,68142,0,0,0,49,UTAH
2754,492754,378.0,1220.8878594997077,3.229862062168538,4.0,2.0,1.0,1.0,27.011733197296262,2.0,0.0,0.0,1.0,1.0,0.0,0.0,0.0,0.0,0.0,0.0,23.011733197296262,75209,0,0,0,49,UTAH
2755,492755,306.0,971.0604811639032,3.173400265241514,241.0,6.0,14.0,221.0,260.0096926412447,6.0,0.0,0.0,14.0,39.0,86.0,0.0,96.0,0.0,0.0,0.0,19.00969264124474,75209,506,0,0,49,UTAH
2756,492756,551.0,1643.7405599338074,2.983195208591302,141.0,4.0,4.0,133.0,1246.0664078992813,3.0,1.0,1.0,3.0,6.0,69.0,2.0,56.0,0.0,0.0,1071.0490631728435,34.017344726437955,68142,318,136,45,49,UTAH
2757,492757,549.0,1646.388906700618,2.9988868974510345,1135.0,145.0,182.0,808.0,1169.0199162515237,107.0,38.0,99.0,83.0,196.0,81.0,14.0,517.0,1.003081664098613,0.0,0.0,33.01683458742507,93772,0,0,0,49,UTAH
2758,492758,339.0,1021.3790697333056,3.01291760983276,0.0,0.0,0.0,0.0,22.013794583369112,0.0,0.0,0.0,0.0,0.0,0.0,0.0,0.0,1.003081664098613,0.0,0.0,21.0107129192705,71691,0,0,0,49,UTAH
2759,492759,344.0,1026.6757632669269,2.9845225676364158,0.0,0.0,0.0,0.0,21.0107129192705,0.0,0.0,0.0,0.0,0.0,0.0,0.0,0.0,0.0,0.0,0.0,21.0107129192705,93772,0,0,0,49,UTAH
2760,492760,485.0,1507.7920925708609,3.1088496754038366,9.0,2.0,0.0,7.0,39.01530417038643,2.0,0.0,0.0,0.0,3.0,0.0,2.0,2.0,0.0,0.0,0.0,30.01530417038643,93772,0,0,0,49,UTAH
2761,492761,1167.0,3535.542933692212,3.029599771801381,2683.0,248.0,252.0,2183.0,2756.0423831981116,136.0,112.0,180.0,72.0,899.0,250.0,108.0,926.0,2.006163328197226,0.0,0.0,71.03621986991455,93772,0,0,0,49,UTAH
2762,492762,21.0,55.61528210302355,2.6483467668106453,0.0,0.0,0.0,0.0,5.012836795407335,0.0,0.0,0.0,0.0,0.0,0.0,0.0,0.0,4.012326656394453,0.0,0.0,1.000510139012881,77502,0,0,0,49,UTAH
2763,492763,71.0,228.64060420131904,3.2202902000185785,0.0,0.0,0.0,0.0,6.008203884248751,0.0,0.0,0.0,0.0,0.0,0.0,0.0,0.0,2.006163328197226,0.0,0.0,4.002040556051524,77502,0,0,0,49,UTAH
2764,492764,375.0,1195.287174087205,3.187432464232546,0.0,0.0,0.0,0.0,24.014814861394875,0.0,0.0,0.0,0.0,0.0,0.0,0.0,0.0,1.003081664098613,0.0,0.0,23.011733197296262,71691,0,0,0,49,UTAH
2765,492765,308.0,932.2180619173472,3.026682019212166,0.0,0.0,0.0,0.0,19.00969264124474,0.0,0.0,0.0,0.0,0.0,0.0,0.0,0.0,0.0,0.0,0.0,19.00969264124474,71691,0,0,0,49,UTAH
2766,492766,234.0,713.2880625276672,3.048239583451569,25.0,1.0,0.0,24.0,40.01022361027894,1.0,0.0,0.0,0.0,4.0,1.0,1.0,18.0,1.003081664098613,0.0,0.0,14.007141946180331,77502,0,0,0,49,UTAH
2767,492767,413.0,1329.470076938944,3.219055876365482,53.0,1.0,17.0,35.0,78.01275347532203,1.0,0.0,1.0,16.0,6.0,3.0,23.0,3.0,0.0,0.0,0.0,25.012753475322025,71691,0,0,0,49,UTAH
2768,492768,529.0,1771.7439869963218,3.3492324895960714,0.0,0.0,0.0,0.0,32.01632444841219,0.0,0.0,0.0,0.0,0.0,0.0,0.0,0.0,0.0,0.0,0.0,32.01632444841219,77502,0,0,0,49,UTAH
2769,492769,505.0,1513.088786104482,2.9962154180286773,0.0,0.0,0.0,0.0,31.01581430939931,0.0,0.0,0.0,0.0,0.0,0.0,0.0,0.0,0.0,0.0,0.0,31.01581430939931,88195,0,0,0,49,UTAH
2770,492770,454.0,1446.880116934216,3.18696060998726,0.0,0.0,0.0,0.0,28.014283892360663,0.0,0.0,0.0,0.0,0.0,0.0,0.0,0.0,0.0,0.0,0.0,28.014283892360663,93772,0,0,0,49,UTAH
2771,492771,499.0,1381.5542300195534,2.7686457515421914,591.0,23.0,44.0,524.0,627.0337941549782,23.0,0.0,41.0,3.0,265.0,44.0,70.0,145.0,6.01848998459168,0.0,0.0,30.01530417038643,54954,0,0,0,49,UTAH
2772,492772,298.0,830.6981025229392,2.787577525244762,487.0,109.0,38.0,340.0,509.0215091586263,108.0,1.0,33.0,5.0,194.0,31.0,20.0,95.0,4.012326656394453,0.0,0.0,18.00918250223186,54954,0,0,0,49,UTAH
2773,492773,403.0,1165.272577396684,2.8914952292721687,130.0,16.0,12.0,102.0,1648.0841845828213,16.0,0.0,12.0,0.0,76.0,3.0,2.0,21.0,1.003081664098613,0.0,1492.0683494434008,25.012753475322025,54954,0,0,0,49,UTAH
2774,492774,116.0,309.8565717168455,2.671177342386599,388.0,233.0,81.0,74.0,397.0097343012874,204.0,29.0,0.0,81.0,2.0,28.0,0.0,44.0,2.006163328197226,0.0,0.0,7.003570973090167,54954,0,0,0,49,UTAH
2775,492775,191.0,563.215079075064,2.948770047513424,386.0,303.0,6.0,77.0,452.0085954415752,300.0,3.0,4.0,2.0,0.0,42.0,2.0,33.0,0.0,0.0,54.002473773420675,12.006121668154572,54954,510,0,0,49,UTAH
2776,492776,116.0,347.8162087077981,2.9984155923086044,0.0,0.0,0.0,0.0,9.009734301287393,0.0,0.0,0.0,0.0,0.0,0.0,0.0,0.0,2.006163328197226,0.0,0.0,7.003570973090167,54954,0,0,0,49,UTAH
2777,492777,720.0,2040.992574955404,2.8347119096602835,148.0,23.0,1.0,124.0,194.028609444764,23.0,0.0,0.0,1.0,2.0,23.0,94.0,5.0,2.006163328197226,0.0,0.0,44.02244611656676,54954,0,0,0,49,UTAH
2778,492778,210.0,640.8999175681762,3.0519043693722674,188.0,45.0,7.0,136.0,201.00663180716745,41.0,4.0,3.0,4.0,27.0,7.0,0.0,102.0,0.0,0.0,0.0,13.006631807167452,52096,0,0,0,49,UTAH
2779,492779,261.0,780.3795139535368,2.9899598235767697,258.0,114.0,37.0,107.0,274.0081622242061,75.0,39.0,1.0,36.0,5.0,21.0,21.0,60.0,0.0,0.0,0.0,16.008162224206096,52366,0,0,0,49,UTAH
2780,492780,204.0,621.4787079448981,3.0464642546318537,842.0,307.0,14.0,521.0,854.0061216681546,230.0,77.0,14.0,0.0,25.0,126.0,7.0,363.0,0.0,0.0,0.0,12.006121668154572,38248,0,0,0,49,UTAH
2781,492781,126.0,374.2996763759045,2.9706323521897184,212.0,38.0,5.0,169.0,220.00408111210305,37.0,1.0,5.0,0.0,65.0,16.0,21.0,67.0,0.0,0.0,0.0,8.004081112103048,54904,0,0,0,49,UTAH
2782,492782,356.0,984.3022149979566,2.764893862353811,1113.0,73.0,2.0,1038.0,1136.014304722382,71.0,2.0,2.0,0.0,10.0,71.0,942.0,15.0,1.003081664098613,0.0,0.0,22.01122305828338,59801,0,0,0,49,UTAH
2783,492783,349.0,1048.7453196570157,3.005000915922681,59.0,5.0,0.0,54.0,80.0107129192705,5.0,0.0,0.0,0.0,6.0,2.0,45.0,1.0,0.0,0.0,0.0,21.0107129192705,57948,0,0,0,49,UTAH
2784,492784,229.0,625.8926192229159,2.733155542458148,0.0,0.0,0.0,0.0,16.013305274377558,0.0,0.0,0.0,0.0,0.0,0.0,0.0,0.0,2.006163328197226,0.0,0.0,14.007141946180331,68142,0,0,0,49,UTAH
2785,492785,17.0,51.20137082500581,3.011845342647401,0.0,0.0,0.0,0.0,15.04365343639347,0.0,0.0,0.0,0.0,0.0,0.0,0.0,0.0,14.043143297380588,0.0,0.0,1.000510139012881,68142,0,0,0,49,UTAH
2786,492786,63.0,180.0875801431239,2.8585330181448234,0.0,0.0,0.0,0.0,8.014367212445977,0.0,0.0,0.0,0.0,0.0,0.0,0.0,0.0,4.012326656394453,0.0,0.0,4.002040556051524,54904,0,0,0,49,UTAH
2787,492787,210.0,638.2515708013656,3.039293194292217,18.0,1.0,3.0,14.0,47.00663180716745,1.0,0.0,0.0,3.0,5.0,1.0,7.0,1.0,0.0,16.0,0.0,13.006631807167452,55187,0,0,0,49,UTAH
2788,492788,448.0,1387.7337058087785,3.097619879037452,344.0,138.0,2.0,204.0,371.0137737533478,90.0,48.0,0.0,2.0,3.0,45.0,52.0,104.0,0.0,0.0,0.0,27.013773753347788,46839,453,57,0,49,UTAH
2789,492789,255.0,752.1304817742233,2.9495313010753854,1240.0,110.0,82.0,1048.0,1256.008162224206,110.0,0.0,25.0,57.0,84.0,304.0,23.0,637.0,0.0,0.0,0.0,16.008162224206096,68781,0,1708,657,49,UTAH
2790,492790,324.0,965.763787630282,2.980752430957661,21.0,2.0,14.0,5.0,41.01020278025762,2.0,0.0,14.0,0.0,2.0,0.0,3.0,0.0,0.0,0.0,0.0,20.01020278025762,69334,0,0,0,49,UTAH
2791,492791,469.0,1550.1656408398312,3.305257229935674,241.0,4.0,7.0,230.0,270.0147940313735,4.0,0.0,0.0,7.0,24.0,84.0,6.0,116.0,0.0,0.0,0.0,29.014794031373548,61563,743,0,0,49,UTAH
2792,492792,255.0,866.009392747081,3.3961152656748275,0.0,0.0,0.0,0.0,16.008162224206096,0.0,0.0,0.0,0.0,0.0,0.0,0.0,0.0,0.0,0.0,0.0,16.008162224206096,61563,0,0,0,49,UTAH
2793,492793,94.0,271.89693472589295,2.8925205821903504,0.0,0.0,0.0,0.0,8.009224162274512,0.0,0.0,0.0,0.0,0.0,0.0,0.0,0.0,2.006163328197226,0.0,0.0,6.003060834077286,61563,0,0,0,49,UTAH
2794,492794,510.0,1558.993463395867,3.056849928227189,150.0,110.0,6.0,34.0,181.0158143093993,29.0,81.0,3.0,3.0,2.0,4.0,0.0,28.0,0.0,0.0,0.0,31.01581430939931,41857,0,0,0,49,UTAH
2795,492795,298.0,828.932538011732,2.7816528121199062,476.0,77.0,4.0,395.0,494.00918250223185,9.0,68.0,0.0,4.0,3.0,196.0,6.0,190.0,0.0,0.0,0.0,18.00918250223186,47066,445,56,0,49,UTAH
2796,492796,191.0,542.0283049405788,2.837844528484706,436.0,73.0,33.0,330.0,448.00612166815455,31.0,42.0,1.0,32.0,73.0,28.0,31.0,198.0,0.0,0.0,0.0,12.006121668154572,52938,0,0,0,49,UTAH
2797,492797,331.0,885.4306023703591,2.6750169255902088,483.0,95.0,283.0,105.0,503.0102027802576,95.0,0.0,0.0,283.0,2.0,70.0,5.0,28.0,0.0,0.0,0.0,20.01020278025762,50775,0,507,169,49,UTAH
2798,492798,334.0,930.45249740614,2.785785920377665,402.0,246.0,3.0,153.0,509.01418830410205,243.0,3.0,0.0,3.0,0.0,61.0,12.0,80.0,0.0,0.0,87.00398552384442,20.01020278025762,51549,498,0,0,49,UTAH
2799,492799,62.0,159.78358826424227,2.5771546494232624,1024.0,628.0,2.0,394.0,1029.00512222015,485.0,143.0,0.0,2.0,18.0,163.0,80.0,133.0,1.003081664098613,0.0,0.0,4.002040556051524,52548,0,0,0,49,UTAH
2800,492800,355.0,980.7710859755424,2.762735453452232,127.0,7.0,0.0,120.0,149.01122305828338,6.0,1.0,0.0,0.0,9.0,1.0,91.0,19.0,0.0,0.0,0.0,22.01122305828338,51256,0,0,0,49,UTAH
2801,492801,144.0,413.1420956224607,2.8690423307115327,2.0,2.0,0.0,0.0,13.010754579313156,2.0,0.0,0.0,0.0,0.0,0.0,0.0,0.0,2.006163328197226,0.0,0.0,9.00459125111593,67044,0,0,0,49,UTAH
2802,492802,270.0,889.8445136483768,3.2957204209199142,0.0,0.0,0.0,0.0,16.008162224206096,0.0,0.0,0.0,0.0,0.0,0.0,0.0,0.0,0.0,0.0,0.0,16.008162224206096,67044,0,0,0,49,UTAH
2803,492803,295.0,800.6835058324185,2.714181375703113,0.0,0.0,0.0,0.0,19.01226416633047,0.0,0.0,0.0,0.0,0.0,0.0,0.0,0.0,1.003081664098613,0.0,0.0,18.00918250223186,44742,0,0,0,49,UTAH
2804,492804,119.0,394.60366825478616,3.315997212225094,0.0,0.0,0.0,0.0,7.003570973090167,0.0,0.0,0.0,0.0,0.0,0.0,0.0,0.0,0.0,0.0,0.0,7.003570973090167,63773,0,0,0,49,UTAH
2805,492805,226.0,613.5336676444662,2.714750741789673,0.0,0.0,0.0,0.0,14.007141946180331,0.0,0.0,0.0,0.0,0.0,0.0,0.0,0.0,0.0,0.0,0.0,14.007141946180331,67044,0,0,0,49,UTAH
2806,492806,168.0,560.5667323082533,3.3367067399300794,0.0,0.0,0.0,0.0,11.008183054227423,0.0,0.0,0.0,0.0,0.0,0.0,0.0,0.0,1.003081664098613,0.0,0.0,10.00510139012881,67044,0,0,0,49,UTAH
2807,492807,74.0,217.16443487847292,2.9346545253847696,0.0,0.0,0.0,0.0,5.002550695064405,0.0,0.0,0.0,0.0,0.0,0.0,0.0,0.0,0.0,0.0,0.0,5.002550695064405,67044,0,0,0,49,UTAH
2808,492808,322.0,904.8518119936372,2.8100987950112954,197.0,54.0,2.0,141.0,326.02126784467725,53.0,1.0,1.0,1.0,40.0,14.0,1.0,86.0,2.006163328197226,0.0,107.00490173622245,20.01020278025762,67044,0,0,0,49,UTAH
2809,492809,413.0,1021.3790697333056,2.473072808070958,0.0,0.0,0.0,0.0,26.015835139420638,0.0,0.0,0.0,0.0,0.0,0.0,0.0,0.0,1.003081664098613,0.0,0.0,25.012753475322025,67044,0,0,0,49,UTAH
2810,492810,12.0,35.31129022414194,2.942607518678495,0.0,0.0,0.0,0.0,5.012836795407335,0.0,0.0,0.0,0.0,0.0,0.0,0.0,0.0,4.012326656394453,0.0,0.0,1.000510139012881,67044,0,0,0,49,UTAH
2811,492811,298.0,890.7272959039805,2.989017771489867,26.0,6.0,1.0,19.0,49.024590822724925,6.0,0.0,0.0,1.0,6.0,2.0,0.0,11.0,5.015408320493067,0.0,0.0,18.00918250223186,61563,0,0,0,49,UTAH
2812,492812,330.0,1047.862537401412,3.175341022428521,490.0,283.0,11.0,196.0,510.0102027802576,189.0,94.0,5.0,6.0,8.0,50.0,3.0,135.0,0.0,0.0,0.0,20.01020278025762,87109,171,49,0,49,UTAH
2813,492813,14.0,39.725201502159685,2.837514393011406,0.0,0.0,0.0,0.0,10.028245115900402,0.0,0.0,0.0,0.0,0.0,0.0,0.0,0.0,9.02773497688752,0.0,0.0,1.000510139012881,44575,0,0,0,49,UTAH
2814,492814,18.0,47.67024180259162,2.6483467668106453,0.0,0.0,0.0,0.0,4.0097551313087205,0.0,0.0,0.0,0.0,0.0,0.0,0.0,0.0,3.00924499229584,0.0,0.0,1.000510139012881,44575,0,0,0,49,UTAH
2815,492815,41.0,98.87161262759744,2.411502747014572,0.0,0.0,0.0,0.0,4.007183606222988,0.0,0.0,0.0,0.0,0.0,0.0,0.0,0.0,2.006163328197226,0.0,0.0,2.001020278025762,44575,0,0,0,49,UTAH
2816,492816,33.0,86.51266104914775,2.6215957893681137,0.0,0.0,0.0,0.0,347.02289664850616,0.0,0.0,0.0,0.0,0.0,0.0,0.0,0.0,2.006163328197226,0.0,343.0157130422832,2.001020278025762,44575,0,0,0,49,UTAH
2817,492817,316.0,843.9398363569924,2.670695684674026,250.0,17.0,33.0,200.0,269.0096926412447,17.0,0.0,0.0,33.0,3.0,119.0,0.0,78.0,0.0,0.0,0.0,19.00969264124474,55481,0,0,0,49,UTAH
2818,492818,295.0,850.1193121462172,2.8817603801566687,22.0,0.0,16.0,6.0,41.01226416633047,0.0,0.0,0.0,16.0,3.0,0.0,0.0,3.0,1.003081664098613,0.0,0.0,18.00918250223186,54667,0,0,0,49,UTAH
2819,492819,303.0,877.4855620699273,2.8959919540261625,22.0,0.0,7.0,15.0,255.01903178529565,0.0,0.0,0.0,7.0,2.0,1.0,0.0,12.0,0.0,0.0,215.0098492830638,18.00918250223186,55368,685,86,0,49,UTAH
2820,492820,254.0,779.4967316979333,3.0688847704643045,88.0,37.0,2.0,49.0,197.01195828336995,20.0,17.0,0.0,2.0,1.0,3.0,11.0,34.0,0.0,0.0,94.00430619817674,15.007652085193214,56315,0,0,0,49,UTAH
2821,492821,116.0,341.6367329185733,2.9451442492980453,141.0,91.0,0.0,50.0,150.0097343012874,82.0,9.0,0.0,0.0,0.0,3.0,2.0,45.0,2.006163328197226,0.0,0.0,7.003570973090167,54667,0,0,0,49,UTAH
2822,492822,270.0,697.3979819268034,2.5829554886177903,158.0,87.0,1.0,70.0,237.34268663363085,47.0,40.0,1.0,0.0,10.0,3.0,9.0,48.0,0.0,37.33333333333333,26.001191076091438,16.008162224206096,43808,0,0,0,49,UTAH
2823,492823,499.0,1717.0114871489018,3.4409047838655344,74.0,42.0,0.0,32.0,1780.092082767665,40.0,2.0,0.0,0.0,1.0,5.0,17.0,9.0,0.0,0.0,1676.0767785972787,30.01530417038643,87109,0,0,0,49,UTAH
2824,492824,883.0,2959.968903038698,3.3521731631242333,308.0,24.0,26.0,258.0,363.03062917079416,24.0,0.0,0.0,26.0,21.0,73.0,43.0,121.0,1.003081664098613,0.0,0.0,54.027547506695576,59144,0,0,0,49,UTAH
2825,492825,319.0,963.998223119075,3.021938003508072,10.0,2.0,0.0,8.0,1227.0736813231279,2.0,0.0,0.0,0.0,5.0,0.0,0.0,3.0,3.00924499229584,0.0,1195.0547436895872,19.00969264124474,59144,0,0,0,49,UTAH
2826,492826,304.0,828.0497557561285,2.723847880776739,449.0,132.0,3.0,314.0,469.0127743053433,112.0,20.0,0.0,3.0,20.0,167.0,37.0,90.0,1.003081664098613,0.0,0.0,19.00969264124474,43799,752,0,0,49,UTAH
2827,492827,1.0,1.0,1.0,255.0,70.0,4.0,181.0,258.00924499229586,70.0,0.0,1.0,3.0,22.0,15.0,2.0,142.0,3.00924499229584,0.0,0.0,0.0,43799,0,0,0,49,UTAH
2828,492828,25.0,61.7947578922484,2.471790315689936,519.0,96.0,4.0,419.0,528.022591926716,96.0,0.0,3.0,1.0,22.0,89.0,155.0,153.0,7.021571648690293,0.0,0.0,2.001020278025762,43799,0,0,0,49,UTAH
2829,492829,63.0,185.3842736767452,2.942607518678495,0.0,0.0,0.0,0.0,7.011285548347364,0.0,0.0,0.0,0.0,0.0,0.0,0.0,0.0,3.00924499229584,0.0,0.0,4.002040556051524,43799,0,0,0,49,UTAH
2830,492830,237.0,649.7277401242117,2.741467257908066,0.0,0.0,0.0,0.0,17.01638693847617,0.0,0.0,0.0,0.0,0.0,0.0,0.0,0.0,3.00924499229584,0.0,0.0,14.007141946180331,43799,0,0,0,49,UTAH
2831,492831,70.0,157.13524149743162,2.244789164249023,96.0,4.0,75.0,17.0,100.00204055605153,4.0,0.0,1.0,74.0,0.0,9.0,0.0,8.0,0.0,0.0,0.0,4.002040556051524,43799,0,0,0,49,UTAH
2832,492832,120.0,287.78701532675683,2.3982251277229736,40.0,11.0,25.0,4.0,47.00357097309017,11.0,0.0,2.0,23.0,0.0,1.0,0.0,3.0,0.0,0.0,0.0,7.003570973090167,43799,0,0,0,49,UTAH
2833,492833,1.0,2.6483467668106453,2.6483467668106453,1256.0,417.0,61.0,778.0,1262.0184899845917,416.0,1.0,36.0,25.0,166.0,109.0,64.0,439.0,6.01848998459168,0.0,0.0,0.0,43799,0,0,0,49,UTAH
2834,492834,40.0,121.8239512732897,3.0455987818322425,66.0,53.0,7.0,6.0,73.01642859851883,53.0,0.0,2.0,5.0,0.0,1.0,0.0,5.0,5.015408320493067,0.0,0.0,2.001020278025762,43799,0,0,0,49,UTAH
2835,492835,151.0,421.0871359228926,2.78865652929068,728.0,344.0,23.0,361.0,737.0045912511159,338.0,6.0,23.0,0.0,155.0,66.0,37.0,103.0,0.0,0.0,0.0,9.00459125111593,43799,0,0,0,49,UTAH
2836,492836,274.0,813.0424574108682,2.9673082387257965,245.0,55.0,23.0,167.0,262.008672363219,48.0,7.0,2.0,21.0,38.0,20.0,42.0,67.0,0.0,0.0,0.0,17.008672363218977,57396,0,0,0,49,UTAH
2837,492837,591.0,1805.2897127092567,3.054635723704326,0.0,0.0,0.0,0.0,36.01836500446372,0.0,0.0,0.0,0.0,0.0,0.0,0.0,0.0,0.0,0.0,0.0,36.01836500446372,57396,0,0,0,49,UTAH
2838,492838,651.0,1995.08789766402,3.0646511484854373,0.0,0.0,0.0,0.0,40.02040556051524,0.0,0.0,0.0,0.0,0.0,0.0,0.0,0.0,0.0,0.0,0.0,40.02040556051524,57396,0,0,0,49,UTAH
2839,492839,138.0,414.0248778780643,3.0001802744787267,0.0,0.0,0.0,0.0,8.004081112103048,0.0,0.0,0.0,0.0,0.0,0.0,0.0,0.0,0.0,0.0,0.0,8.004081112103048,57396,0,0,0,49,UTAH
2840,492840,788.0,2382.6293078739773,3.0236412536471797,21.0,0.0,4.0,17.0,69.02448667261828,0.0,0.0,1.0,3.0,3.0,0.0,0.0,14.0,0.0,0.0,0.0,48.02448667261829,57396,0,0,0,49,UTAH
2841,492841,22.0,52.96693533621291,2.40758796982786,0.0,0.0,0.0,0.0,3.006673467210107,0.0,0.0,0.0,0.0,0.0,0.0,0.0,0.0,2.006163328197226,0.0,0.0,1.000510139012881,53742,0,0,0,49,UTAH
2842,492842,61.0,181.853144654331,2.981199092693951,667.0,4.0,30.0,633.0,672.0051222201502,2.0,2.0,19.0,11.0,272.0,95.0,84.0,182.0,1.003081664098613,0.0,0.0,4.002040556051524,57396,0,0,0,49,UTAH
2843,492843,10.0,36.194072479745486,3.6194072479745487,3362.0,179.0,114.0,3069.0,3372.0282451159005,178.0,1.0,111.0,3.0,1859.0,383.0,362.0,465.0,9.02773497688752,0.0,0.0,1.000510139012881,57396,0,0,0,49,UTAH
2844,492844,0.0,0.0,0.0,0.0,0.0,0.0,0.0,12.03697996918336,0.0,0.0,0.0,0.0,0.0,0.0,0.0,0.0,12.03697996918336,0.0,0.0,0.0,44575,0,0,0,49,UTAH
2845,492845,3.0,5.296693533621291,1.7655645112070968,0.0,0.0,0.0,0.0,6.01848998459168,0.0,0.0,0.0,0.0,0.0,0.0,0.0,0.0,6.01848998459168,0.0,0.0,0.0,44575,0,0,0,49,UTAH
2846,492846,14.0,39.725201502159685,2.837514393011406,0.0,0.0,0.0,0.0,6.015918459505947,0.0,0.0,0.0,0.0,0.0,0.0,0.0,0.0,5.015408320493067,0.0,0.0,1.000510139012881,51914,0,0,0,49,UTAH
2847,492847,5.0,10.59338706724258,2.118677413448516,0.0,0.0,0.0,0.0,2.006163328197226,0.0,0.0,0.0,0.0,0.0,0.0,0.0,0.0,2.006163328197226,0.0,0.0,0.0,55538,0,0,0,49,UTAH
2848,492848,15.0,29.1318144349171,1.9421209623278064,0.0,0.0,0.0,0.0,3.006673467210107,0.0,0.0,0.0,0.0,0.0,0.0,0.0,0.0,2.006163328197226,0.0,0.0,1.000510139012881,51914,0,0,0,49,UTAH
2849,492849,856.0,2670.416323200734,3.119645237384035,0.0,0.0,0.0,0.0,53.02960889276843,0.0,0.0,0.0,0.0,0.0,0.0,0.0,0.0,1.003081664098613,0.0,0.0,52.02652722866981,55538,0,0,0,49,UTAH
2850,492850,268.0,832.4636670341463,3.1062077128139784,146.0,22.0,57.0,67.0,165.01740721650194,21.0,1.0,0.0,57.0,30.0,13.0,0.0,24.0,3.00924499229584,0.0,0.0,16.008162224206096,58771,0,0,0,49,UTAH
2851,492851,214.0,665.6178207250756,3.110363648248017,130.0,36.0,3.0,91.0,149.00690667088085,20.0,16.0,1.0,2.0,10.0,13.0,38.0,30.0,0.0,0.0,6.0002748637134085,13.006631807167452,58771,0,0,0,49,UTAH
2852,492852,4.0,6.0,1.5,0.0,0.0,0.0,0.0,24.07395993836672,0.0,0.0,0.0,0.0,0.0,0.0,0.0,0.0,24.07395993836672,0.0,0.0,0.0,51914,0,0,0,49,UTAH
2853,492853,309.0,868.6577395138918,2.811190095514213,0.0,0.0,0.0,0.0,26.031264289935034,0.0,0.0,0.0,0.0,0.0,0.0,0.0,0.0,7.021571648690293,0.0,0.0,19.00969264124474,51914,0,0,0,49,UTAH
2854,492854,503.0,1475.1291491135296,2.9326623242813707,38.0,34.0,0.0,4.0,1229.1023490156017,34.0,0.0,0.0,0.0,0.0,2.0,0.0,2.0,11.033898305084747,0.0,1149.0526364011178,31.01581430939931,51914,0,0,0,49,UTAH
2855,492855,463.0,1278.2687061139382,2.760839538043063,250.0,170.0,26.0,54.0,312.1190604717135,167.0,3.0,26.0,0.0,2.0,38.0,3.0,11.0,34.10477657935285,0.0,0.0,28.014283892360663,51914,0,0,0,49,UTAH
2856,492856,102.0,296.6148378827923,2.907988606694042,0.0,0.0,0.0,0.0,8.009224162274512,0.0,0.0,0.0,0.0,0.0,0.0,0.0,0.0,2.006163328197226,0.0,0.0,6.003060834077286,51914,0,0,0,49,UTAH
2857,492857,110.0,323.9810878065023,2.945282616422748,113.0,69.0,4.0,40.0,1215.0598053077467,68.0,1.0,1.0,3.0,0.0,6.0,4.0,30.0,2.006163328197226,0.0,1093.0500710064593,7.003570973090167,51914,0,0,0,49,UTAH
2858,492858,115.0,296.6148378827923,2.579259459850368,10.0,3.0,4.0,3.0,20.012815965386007,2.0,1.0,0.0,4.0,0.0,1.0,0.0,2.0,3.00924499229584,0.0,0.0,7.003570973090167,51914,0,0,0,49,UTAH
2859,492859,1874.0,4909.152123411333,2.6196115920017786,0.0,0.0,0.0,0.0,226.40330222651312,0.0,0.0,0.0,0.0,0.0,0.0,0.0,0.0,112.34514637904468,0.0,0.0,114.05815584746844,60068,0,0,0,49,UTAH
2860,492860,916.0,2477.0870092235573,2.704243459851045,0.0,0.0,0.0,0.0,56.02856778472133,0.0,0.0,0.0,0.0,0.0,0.0,0.0,0.0,0.0,0.0,0.0,56.02856778472133,51914,0,0,0,49,UTAH
2861,492861,485.0,1317.993907616098,2.7175132115795835,0.0,0.0,0.0,0.0,49.073855788260076,0.0,0.0,0.0,0.0,0.0,0.0,0.0,0.0,19.05855161787365,0.0,0.0,30.01530417038643,51914,0,0,0,49,UTAH
2862,492862,539.0,1370.078060696707,2.541888795355672,120.0,73.0,4.0,43.0,153.01683458742508,70.0,3.0,4.0,0.0,3.0,4.0,3.0,33.0,0.0,0.0,0.0,33.01683458742507,57396,0,0,0,49,UTAH
2863,492863,259.0,685.9218126039572,2.6483467668106453,7.0,2.0,4.0,1.0,39.05746884978391,2.0,0.0,0.0,4.0,1.0,0.0,0.0,0.0,16.049306625577813,0.0,0.0,16.008162224206096,55709,0,0,0,49,UTAH
2864,492864,293.0,790.0901187651759,2.696553306365788,403.0,270.0,4.0,129.0,459.1262857379792,270.0,0.0,0.0,4.0,3.0,79.0,1.0,46.0,38.11710323574731,0.0,0.0,18.00918250223186,57193,353,0,0,49,UTAH
2865,492865,1249.0,3306.0195472352893,2.6469331843357,93.0,48.0,1.0,44.0,201.1373838161346,48.0,0.0,1.0,0.0,1.0,7.0,1.0,35.0,32.098613251155626,0.0,0.0,76.03877056497896,57396,0,0,0,49,UTAH
2866,492866,510.0,1308.2833028044588,2.5652613780479583,0.0,0.0,0.0,0.0,49.07128426317435,0.0,0.0,0.0,0.0,0.0,0.0,0.0,0.0,18.05546995377504,0.0,0.0,31.01581430939931,57396,0,0,0,49,UTAH
2867,492867,192.0,584.4018532095491,3.0437596521330685,60.0,41.0,1.0,18.0,74.0122849963518,41.0,0.0,0.0,1.0,2.0,0.0,8.0,8.0,2.006163328197226,0.0,0.0,12.006121668154572,57396,0,0,0,49,UTAH
2868,492868,158.0,469.6401599810878,2.972406075829669,0.0,0.0,0.0,0.0,10.00510139012881,0.0,0.0,0.0,0.0,0.0,0.0,0.0,0.0,0.0,0.0,0.0,10.00510139012881,57396,0,0,0,49,UTAH
2869,492869,597.0,1581.0630197859557,2.6483467668106457,0.0,0.0,0.0,0.0,42.0368549890554,0.0,0.0,0.0,0.0,0.0,0.0,0.0,0.0,6.01848998459168,0.0,0.0,36.01836500446372,57396,0,0,0,49,UTAH
2870,492870,778.0,1943.8865268390136,2.498568800564285,31.0,20.0,3.0,8.0,78.0239765336054,0.0,20.0,0.0,3.0,0.0,8.0,0.0,0.0,0.0,0.0,0.0,47.023976533605406,63602,0,0,0,49,UTAH
2871,492871,18.0,37.07685473534904,2.0598252630749467,0.0,0.0,0.0,0.0,86.3338434723462,0.0,0.0,0.0,0.0,0.0,0.0,0.0,0.0,0.0,85.33333333333333,0.0,1.000510139012881,56366,0,0,0,49,UTAH
2872,492872,1.0,1.765564511207097,1.765564511207097,0.0,0.0,0.0,0.0,0.0,0.0,0.0,0.0,0.0,0.0,0.0,0.0,0.0,0.0,0.0,0.0,0.0,51914,0,0,0,49,UTAH
2873,492873,410.0,1051.3936664238263,2.5643747961556738,114.0,65.0,5.0,44.0,139.01275347532203,0.0,65.0,5.0,0.0,0.0,44.0,0.0,0.0,0.0,0.0,0.0,25.012753475322025,101374,0,0,0,49,UTAH
2874,492874,0.0,0.0,0.0,0.0,0.0,0.0,0.0,0.0,0.0,0.0,0.0,0.0,0.0,0.0,0.0,0.0,0.0,0.0,0.0,0.0,0,0,0,0,0,external
2875,492875,0.0,0.0,0.0,0.0,0.0,0.0,0.0,0.0,0.0,0.0,0.0,0.0,0.0,0.0,0.0,0.0,0.0,0.0,0.0,0.0,0,0,0,0,0,external
2876,492876,10.0,33.0,3.3,0.0,0.0,0.0,0.0,0.0,0.0,0.0,0.0,0.0,0.0,0.0,0.0,0.0,0.0,0.0,0.0,0.0,0,0,0,0,0,external
2877,492877,22.0,80.0,3.636363636363636,0.0,0.0,0.0,0.0,0.0,0.0,0.0,0.0,0.0,0.0,0.0,0.0,0.0,0.0,0.0,0.0,0.0,0,0,0,0,0,external
2878,492878,3.0,11.0,3.6666666666666665,0.0,0.0,0.0,0.0,0.0,0.0,0.0,0.0,0.0,0.0,0.0,0.0,0.0,0.0,0.0,0.0,0.0,0,0,0,0,0,external
2879,492879,0.0,0.0,0.0,0.0,0.0,0.0,0.0,0.0,0.0,0.0,0.0,0.0,0.0,0.0,0.0,0.0,0.0,0.0,0.0,0.0,0,0,0,0,0,external
2880,492880,0.0,0.0,0.0,0.0,0.0,0.0,0.0,0.0,0.0,0.0,0.0,0.0,0.0,0.0,0.0,0.0,0.0,0.0,0.0,0.0,0,0,0,0,0,external
2881,492881,6.0,23.0,3.8333333333333335,0.0,0.0,0.0,0.0,0.0,0.0,0.0,0.0,0.0,0.0,0.0,0.0,0.0,0.0,0.0,0.0,0.0,0,0,0,0,0,external
